      0.00       0.0000
      1.00      95.6954
      2.00     191.3907
      3.00     287.0861
      4.00     382.7814
      5.00     478.4768
      6.00     574.1721
      7.00     669.8675
      8.00     765.5628
      9.00     861.2582
     10.00     956.9535
     11.00    1052.6489
     12.00    1148.3442
     13.00    1244.0396
     14.00    1339.7349
     15.00    1435.4303
     16.00    1531.1257
     17.00    1626.8210
     18.00    1722.5164
     19.00    1818.2117
     20.00    1913.9071
     21.00    2009.6024
     22.00    2105.2978
     23.00    2200.9931
     24.00    2296.6885
     25.00    2392.3838
     26.00    2488.0792
     27.00    2583.7745
     28.00    2679.4699
     29.00    2775.1652
     30.00    2870.8606
     31.00    2966.5560
     32.00    3062.2513
     33.00    3157.9467
     34.00    3253.6420
     35.00    3349.3374
     36.00    3445.0327
     37.00    3540.7281
     38.00    3636.4234
     39.00    3732.1188
     40.00    3827.8141
     41.00    3923.5095
     42.00    4019.2048
     43.00    4114.9002
     44.00    4210.5955
     45.00    4306.2909
     46.00    4401.9863
     47.00    4497.6816
     48.00    4593.3770
     49.00    4689.0723
     50.00    4784.7677
     51.00    4880.4630
     52.00    4976.1584
     53.00    5071.8537
     54.00    5167.5491
     55.00    5263.2444
     56.00    5358.9398
     57.00    5454.6351
     58.00    5550.3305
     59.00    5646.0258
     60.00    5741.7212
     61.00    5837.4166
     62.00    5933.1119
     63.00    6028.8073
     64.00    6124.5026
     65.00    6220.1980
     66.00    6315.8933
     67.00    6411.5887
     68.00    6507.2840
     69.00    6602.9794
     70.00    6698.6747
     71.00    6794.3701
     72.00    6890.0654
     73.00    6985.7608
     74.00    7081.4561
     75.00    7177.1515
     76.00    7272.8469
     77.00    7368.5422
     78.00    7464.2376
     79.00    7559.9329
     80.00    7655.6283
     81.00    7751.3236
     82.00    7847.0190
     83.00    7942.7143
     84.00    8038.4097
     85.00    8134.1050
     86.00    8229.8004
     87.00    8325.4957
     88.00    8421.1911
     89.00    8516.8864
     90.00    8612.5818
     91.00    8708.2772
     92.00    8803.9725
     93.00    8899.6679
     94.00    8995.3632
     95.00    9091.0586
     96.00    9186.7539
     97.00    9282.4493
     98.00    9378.1446
     99.00    9473.8400
    100.00    9569.5353
    101.00    9665.2307
    102.00    9760.9260
    103.00    9856.6214
    104.00    9952.3167
    105.00   10048.0121
    106.00   10143.7075
    107.00   10239.4028
    108.00   10335.0982
    109.00   10430.7935
    110.00   10526.4889
    111.00   10622.1842
    112.00   10717.8796
    113.00   10813.5749
    114.00   10909.2703
    115.00   11004.9656
    116.00   11100.6610
    117.00   11196.3563
    118.00   11292.0517
    119.00   11387.7470
    120.00   11483.4424
    121.00   11579.1378
    122.00   11674.8331
    123.00   11770.5285
    124.00   11866.2238
    125.00   11961.9192
    126.00   12057.6145
    127.00   12153.3099
    128.00   12249.0052
    129.00   12344.7006
    130.00   12440.3959
    131.00   12536.0913
    132.00   12631.7866
    133.00   12727.4820
    134.00   12823.1773
    135.00   12918.8727
    136.00   13014.5681
    137.00   13110.2634
    138.00   13205.9588
    139.00   13301.6541
    140.00   13397.3495
    141.00   13493.0448
    142.00   13588.7402
    143.00   13684.4355
    144.00   13780.1309
    145.00   13875.8262
    146.00   13971.5216
    147.00   14067.2169
    148.00   14162.9123
    149.00   14258.6076
    150.00   14354.3030
    151.00   14449.9984
    152.00   14545.6937
    153.00   14641.3891
    154.00   14737.0844
    155.00   14832.7798
    156.00   14928.4751
    157.00   15024.1705
    158.00   15119.8658
    159.00   15215.5612
    160.00   15311.2565
    161.00   15406.9519
    162.00   15502.6472
    163.00   15598.3426
    164.00   15694.0379
    165.00   15789.7333
    166.00   15885.4287
    167.00   15981.1240
    168.00   16076.8194
    169.00   16172.5147
    170.00   16268.2101
    171.00   16363.9054
    172.00   16459.6008
    173.00   16555.2961
    174.00   16650.9915
    175.00   16746.6868
    176.00   16842.3822
    177.00   16938.0775
    178.00   17033.7729
    179.00   17129.4682
    180.00   17225.1636
    181.00   17320.8590
    182.00   17416.5543
    183.00   17512.2497
    184.00   17607.9450
    185.00   17703.6404
    186.00   17799.3357
    187.00   17895.0311
    188.00   17990.7264
    189.00   18086.4218
    190.00   18182.1171
    191.00   18277.8125
    192.00   18373.5078
    193.00   18469.2032
    194.00   18564.8985
    195.00   18660.5939
    196.00   18756.2893
    197.00   18851.9846
    198.00   18947.6800
    199.00   19043.3753
    200.00   19139.0707
    201.00   19234.7660
    202.00   19330.4614
    203.00   19426.1567
    204.00   19521.8521
    205.00   19617.5474
    206.00   19713.2428
    207.00   19808.9381
    208.00   19904.6335
    209.00   20000.3288
    210.00   20096.0242
    211.00   20191.7196
    212.00   20287.4149
    213.00   20383.1103
    214.00   20478.8056
    215.00   20574.5010
    216.00   20670.1963
    217.00   20765.8917
    218.00   20861.5870
    219.00   20957.2824
    220.00   21052.9777
    221.00   21148.6731
    222.00   21244.3684
    223.00   21340.0638
    224.00   21435.7591
    225.00   21531.4545
    226.00   21627.1499
    227.00   21722.8452
    228.00   21818.5406
    229.00   21914.2359
    230.00   22009.9313
    231.00   22105.6266
    231.79   22181.2100
    232.00   22176.2566
    233.00   22152.6878
    234.00   22129.1190
    235.00   22105.5501
    236.00   22081.9813
    237.00   22058.4125
    238.00   22034.8436
    239.00   22011.2748
    240.00   21987.7060
    241.00   21964.1372
    242.00   21940.5683
    243.00   21916.9995
    244.00   21893.4307
    245.00   21869.8618
    246.00   21846.2930
    247.00   21822.7242
    248.00   21799.1554
    249.00   21775.5865
    250.00   21752.0177
    251.00   21728.4489
    252.00   21704.8800
    253.00   21681.3112
    254.00   21657.7424
    255.00   21634.1736
    256.00   21610.6047
    257.00   21587.0359
    258.00   21563.4671
    259.00   21539.8982
    260.00   21516.3294
    261.00   21492.7606
    262.00   21469.1918
    263.00   21445.6229
    264.00   21422.0541
    265.00   21398.4853
    266.00   21374.9164
    267.00   21351.3476
    268.00   21327.7788
    269.00   21304.2100
    270.00   21280.6411
    271.00   21257.0723
    272.00   21233.5035
    273.00   21209.9346
    274.00   21186.3658
    275.00   21162.7970
    276.00   21139.2282
    277.00   21115.6593
    278.00   21092.0905
    279.00   21068.5217
    280.00   21044.9528
    281.00   21021.3840
    282.00   20997.8152
    283.00   20974.2464
    284.00   20950.6775
    285.00   20927.1087
    286.00   20903.5399
    287.00   20879.9710
    288.00   20856.4022
    289.00   20832.8334
    290.00   20809.2646
    291.00   20785.6957
    292.00   20762.1269
    293.00   20738.5581
    294.00   20714.9892
    295.00   20691.4204
    296.00   20667.8516
    297.00   20644.2828
    298.00   20620.7139
    299.00   20597.1451
    300.00   20573.5763
    301.00   20550.0074
    302.00   20526.4386
    303.00   20502.8698
    304.00   20479.3010
    305.00   20455.7321
    306.00   20432.1633
    307.00   20408.5945
    308.00   20385.0256
    309.00   20361.4568
    310.00   20337.8880
    311.00   20314.3192
    312.00   20290.7503
    313.00   20267.1815
    314.00   20243.6127
    315.00   20220.0438
    316.00   20196.4750
    317.00   20172.9062
    318.00   20149.3374
    319.00   20125.7685
    320.00   20102.1997
    321.00   20078.6309
    322.00   20055.0620
    323.00   20031.4932
    324.00   20007.9244
    325.00   19984.3556
    326.00   19960.7867
    327.00   19937.2179
    328.00   19913.6491
    329.00   19890.0802
    330.00   19866.5114
    331.00   19842.9426
    332.00   19819.3738
    333.00   19795.8049
    334.00   19772.2361
    335.00   19748.6673
    336.00   19725.0984
    337.00   19701.5296
    338.00   19677.9608
    339.00   19654.3920
    340.00   19630.8231
    341.00   19607.2543
    342.00   19583.6855
    343.00   19560.1166
    344.00   19536.5478
    345.00   19512.9790
    346.00   19489.4102
    347.00   19465.8413
    348.00   19442.2725
    349.00   19418.7037
    350.00   19395.1348
    351.00   19371.5660
    352.00   19347.9972
    353.00   19324.4284
    354.00   19300.8595
    355.00   19277.2907
    356.00   19253.7219
    357.00   19230.1530
    358.00   19206.5842
    359.00   19183.0154
    360.00   19159.4466
    361.00   19135.8777
    362.00   19112.3089
    363.00   19088.7401
    364.00   19065.1712
    365.00   19041.6024
    366.00   19018.0336
    367.00   18994.4648
    368.00   18970.8959
    369.00   18947.3271
    370.00   18923.7583
    371.00   18900.1894
    372.00   18876.6206
    373.00   18853.0518
    374.00   18829.4830
    375.00   18805.9141
    376.00   18782.3453
    377.00   18758.7765
    378.00   18735.2076
    379.00   18711.6388
    380.00   18688.0700
    381.00   18664.5012
    382.00   18640.9323
    383.00   18617.3635
    384.00   18593.7947
    385.00   18570.2258
    386.00   18546.6570
    387.00   18523.0882
    388.00   18499.5194
    389.00   18475.9505
    390.00   18452.3817
    391.00   18428.8129
    392.00   18405.2440
    393.00   18381.6752
    394.00   18358.1064
    395.00   18334.5376
    396.00   18310.9687
    397.00   18287.3999
    398.00   18263.8311
    399.00   18240.2622
    400.00   18216.6934
    401.00   18193.1246
    402.00   18169.5558
    403.00   18145.9869
    404.00   18122.4181
    405.00   18098.8493
    406.00   18075.2804
    407.00   18051.7116
    408.00   18028.1428
    409.00   18004.5740
    410.00   17981.0051
    411.00   17957.4363
    412.00   17933.8675
    413.00   17910.2986
    414.00   17886.7298
    415.00   17863.1610
    416.00   17839.5922
    417.00   17816.0233
    418.00   17792.4545
    419.00   17768.8857
    420.00   17745.3168
    421.00   17721.7480
    422.00   17698.1792
    423.00   17674.6104
    424.00   17651.0415
    425.00   17627.4727
    426.00   17603.9039
    427.00   17580.3350
    428.00   17556.7662
    429.00   17533.1974
    430.00   17509.6286
    431.00   17486.0597
    432.00   17462.4909
    433.00   17438.9221
    434.00   17415.3532
    435.00   17391.7844
    436.00   17368.2156
    437.00   17344.6468
    438.00   17321.0779
    439.00   17297.5091
    440.00   17273.9403
    441.00   17250.3714
    442.00   17226.8026
    443.00   17203.2338
    444.00   17179.6650
    445.00   17156.0961
    446.00   17132.5273
    447.00   17108.9585
    448.00   17085.3896
    449.00   17061.8208
    450.00   17038.2520
    451.00   17014.6832
    452.00   16991.1143
    453.00   16967.5455
    454.00   16943.9767
    455.00   16920.4078
    456.00   16896.8390
    457.00   16873.2702
    458.00   16849.7014
    459.00   16826.1325
    460.00   16802.5637
    461.00   16778.9949
    462.00   16755.4260
    463.00   16731.8572
    464.00   16708.2884
    465.00   16684.7196
    466.00   16661.1507
    467.00   16637.5819
    468.00   16614.0131
    469.00   16590.4442
    470.00   16566.8754
    471.00   16543.3066
    472.00   16519.7378
    473.00   16496.1689
    474.00   16472.6001
    475.00   16449.0313
    476.00   16425.4624
    477.00   16401.8936
    478.00   16378.3248
    479.00   16354.7560
    480.00   16331.1871
    481.00   16307.6183
    482.00   16284.0495
    483.00   16260.4806
    484.00   16236.9118
    485.00   16213.3430
    486.00   16189.7742
    487.00   16166.2053
    488.00   16142.6365
    489.00   16119.0677
    490.00   16095.4988
    491.00   16071.9300
    492.00   16048.3612
    493.00   16024.7924
    494.00   16001.2235
    495.00   15977.6547
    496.00   15954.0859
    497.00   15930.5170
    498.00   15906.9482
    499.00   15883.3794
    500.00   15859.8106
    501.00   15836.2417
    502.00   15812.6729
    503.00   15789.1041
    504.00   15765.5352
    505.00   15741.9664
    506.00   15718.3976
    507.00   15694.8288
    508.00   15671.2599
    509.00   15647.6911
    510.00   15624.1223
    511.00   15600.5534
    512.00   15576.9846
    513.00   15553.4158
    514.00   15529.8470
    515.00   15506.2781
    516.00   15482.7093
    517.00   15459.1405
    518.00   15435.5716
    519.00   15412.0028
    520.00   15388.4340
    521.00   15364.8652
    522.00   15341.2963
    523.00   15317.7275
    524.00   15294.1587
    525.00   15270.5898
    526.00   15247.0210
    527.00   15223.4522
    528.00   15199.8834
    529.00   15176.3145
    530.00   15152.7457
    531.00   15129.1769
    532.00   15105.6080
    533.00   15082.0392
    534.00   15058.4704
    535.00   15034.9016
    536.00   15011.3327
    537.00   14987.7639
    538.00   14964.1951
    539.00   14940.6262
    540.00   14917.0574
    541.00   14893.4886
    542.00   14869.9198
    543.00   14846.3509
    544.00   14822.7821
    545.00   14799.2133
    546.00   14775.6444
    547.00   14752.0756
    548.00   14728.5068
    549.00   14704.9380
    550.00   14681.3691
    551.00   14657.8003
    552.00   14634.2315
    553.00   14610.6626
    554.00   14587.0938
    555.00   14563.5250
    556.00   14539.9562
    557.00   14516.3873
    558.00   14492.8185
    559.00   14469.2497
    560.00   14445.6808
    561.00   14422.1120
    562.00   14398.5432
    563.00   14374.9744
    564.00   14351.4055
    565.00   14327.8367
    566.00   14304.2679
    567.00   14280.6990
    568.00   14257.1302
    569.00   14233.5614
    570.00   14209.9926
    571.00   14186.4237
    572.00   14162.8549
    573.00   14139.2861
    574.00   14115.7172
    575.00   14092.1484
    576.00   14068.5796
    577.00   14045.0108
    578.00   14021.4419
    579.00   13997.8731
    580.00   13974.3043
    581.00   13950.7354
    582.00   13927.1666
    583.00   13903.5978
    584.00   13880.0290
    585.00   13856.4601
    586.00   13832.8913
    587.00   13809.3225
    588.00   13785.7536
    589.00   13762.1848
    590.00   13738.6160
    591.00   13715.0472
    592.00   13691.4783
    593.00   13667.9095
    594.00   13644.3407
    595.00   13620.7718
    596.00   13597.2030
    597.00   13573.6342
    598.00   13550.0654
    599.00   13526.4965
    600.00   13502.9277
    601.00   13479.3589
    602.00   13455.7900
    603.00   13432.2212
    604.00   13408.6524
    605.00   13385.0836
    606.00   13361.5147
    607.00   13337.9459
    608.00   13314.3771
    609.00   13290.8082
    610.00   13267.2394
    611.00   13243.6706
    612.00   13220.1018
    613.00   13196.5329
    614.00   13172.9641
    615.00   13149.3953
    616.00   13125.8264
    617.00   13102.2576
    618.00   13078.6888
    619.00   13055.1200
    620.00   13031.5511
    621.00   13007.9823
    622.00   12984.4135
    623.00   12960.8446
    624.00   12937.2758
    625.00   12913.7070
    626.00   12890.1382
    627.00   12866.5693
    628.00   12843.0005
    629.00   12819.4317
    630.00   12795.8628
    631.00   12772.2940
    632.00   12748.7252
    633.00   12725.1564
    634.00   12701.5875
    635.00   12678.0187
    636.00   12654.4499
    637.00   12630.8810
    638.00   12607.3122
    639.00   12583.7434
    640.00   12560.1746
    641.00   12536.6057
    642.00   12513.0369
    643.00   12489.4681
    644.00   12465.8992
    645.00   12442.3304
    646.00   12418.7616
    647.00   12395.1928
    648.00   12371.6239
    649.00   12348.0551
    650.00   12324.4863
    651.00   12300.9174
    652.00   12277.3486
    653.00   12253.7798
    654.00   12230.2110
    655.00   12206.6421
    656.00   12183.0733
    657.00   12159.5045
    658.00   12135.9356
    659.00   12112.3668
    660.00   12088.7980
    661.00   12065.2292
    662.00   12041.6603
    663.00   12018.0915
    664.00   11994.5227
    665.00   11970.9538
    666.00   11947.3850
    667.00   11923.8162
    668.00   11900.2474
    669.00   11876.6785
    670.00   11853.1097
    671.00   11829.5409
    672.00   11805.9720
    673.00   11782.4032
    674.00   11758.8344
    675.00   11735.2656
    676.00   11711.6967
    677.00   11688.1279
    678.00   11664.5591
    679.00   11640.9902
    680.00   11617.4214
    681.00   11593.8526
    682.00   11570.2838
    683.00   11546.7149
    684.00   11523.1461
    685.00   11499.5773
    686.00   11476.0084
    687.00   11452.4396
    688.00   11428.8708
    689.00   11405.3020
    690.00   11381.7331
    691.00   11358.1643
    692.00   11334.5955
    693.00   11311.0266
    694.00   11287.4578
    695.00   11263.8890
    696.00   11240.3202
    697.00   11216.7513
    698.00   11193.1825
    699.00   11169.6137
    700.00   11146.0448
    701.00   11122.4760
    702.00   11098.9072
    703.00   11075.3384
    704.00   11051.7695
    705.00   11028.2007
    706.00   11004.6319
    707.00   10981.0630
    708.00   10957.4942
    709.00   10933.9254
    710.00   10910.3566
    711.00   10886.7877
    712.00   10863.2189
    713.00   10839.6501
    714.00   10816.0812
    715.00   10792.5124
    716.00   10768.9436
    717.00   10745.3748
    718.00   10721.8059
    719.00   10698.2371
    720.00   10674.6683
    721.00   10651.0994
    722.00   10627.5306
    723.00   10603.9618
    724.00   10580.3930
    725.00   10556.8241
    726.00   10533.2553
    727.00   10509.6865
    728.00   10486.1176
    729.00   10462.5488
    730.00   10438.9800
    731.00   10415.4112
    732.00   10391.8423
    733.00   10368.2735
    734.00   10344.7047
    735.00   10321.1358
    736.00   10297.5670
    737.00   10273.9982
    738.00   10250.4294
    739.00   10226.8605
    740.00   10203.2917
    741.00   10179.7229
    742.00   10156.1540
    743.00   10132.5852
    744.00   10109.0164
    745.00   10085.4476
    746.00   10061.8787
    747.00   10038.3099
    748.00   10014.7411
    749.00    9991.1722
    750.00    9967.6034
    751.00    9944.0346
    752.00    9920.4658
    753.00    9896.8969
    754.00    9873.3281
    755.00    9849.7593
    756.00    9826.1904
    757.00    9802.6216
    758.00    9779.0528
    759.00    9755.4840
    760.00    9731.9151
    761.00    9708.3463
    762.00    9684.7775
    763.00    9661.2086
    764.00    9637.6398
    765.00    9614.0710
    766.00    9590.5022
    767.00    9566.9333
    768.00    9543.3645
    769.00    9519.7957
    770.00    9496.2268
    771.00    9472.6580
    772.00    9449.0892
    773.00    9425.5204
    774.00    9401.9515
    775.00    9378.3827
    776.00    9354.8139
    777.00    9331.2450
    778.00    9307.6762
    779.00    9284.1074
    780.00    9260.5386
    781.00    9236.9697
    782.00    9213.4009
    783.00    9189.8321
    784.00    9166.2632
    785.00    9142.6944
    786.00    9119.1256
    787.00    9095.5568
    788.00    9071.9879
    789.00    9048.4191
    790.00    9024.8503
    791.00    9001.2814
    792.00    8977.7126
    793.00    8954.1438
    794.00    8930.5750
    795.00    8907.0061
    796.00    8883.4373
    797.00    8859.8685
    798.00    8836.2996
    799.00    8812.7308
    800.00    8789.1620
    801.00    8765.5932
    802.00    8742.0243
    803.00    8718.4555
    804.00    8694.8867
    805.00    8671.3178
    806.00    8647.7490
    807.00    8624.1802
    808.00    8600.6114
    809.00    8577.0425
    810.00    8553.4737
    811.00    8529.9049
    812.00    8506.3360
    813.00    8482.7672
    814.00    8459.1984
    815.00    8435.6296
    816.00    8412.0607
    817.00    8388.4919
    818.00    8364.9231
    819.00    8341.3542
    820.00    8317.7854
    821.00    8294.2166
    822.00    8270.6478
    823.00    8247.0789
    824.00    8223.5101
    825.00    8199.9413
    826.00    8176.3724
    827.00    8152.8036
    828.00    8129.2348
    829.00    8105.6660
    830.00    8082.0971
    831.00    8058.5283
    832.00    8034.9595
    833.00    8011.3906
    834.00    7987.8218
    835.00    7964.2530
    836.00    7940.6842
    837.00    7917.1153
    838.00    7893.5465
    839.00    7869.9777
    840.00    7846.4088
    841.00    7822.8400
    842.00    7799.2712
    843.00    7775.7024
    844.00    7752.1335
    845.00    7728.5647
    846.00    7704.9959
    847.00    7681.4270
    848.00    7657.8582
    849.00    7634.2894
    850.00    7610.7206
    851.00    7587.1517
    852.00    7563.5829
    853.00    7540.0141
    854.00    7516.4452
    855.00    7492.8764
    856.00    7469.3076
    857.00    7445.7388
    858.00    7422.1699
    859.00    7398.6011
    860.00    7375.0323
    861.00    7351.4634
    862.00    7327.8946
    863.00    7304.3258
    864.00    7280.7570
    865.00    7257.1881
    866.00    7233.6193
    867.00    7210.0505
    868.00    7186.4816
    869.00    7162.9128
    870.00    7139.3440
    871.00    7115.7752
    872.00    7092.2063
    873.00    7068.6375
    874.00    7045.0687
    875.00    7021.4998
    876.00    6997.9310
    877.00    6974.3622
    878.00    6950.7934
    879.00    6927.2245
    880.00    6903.6557
    881.00    6880.0869
    882.00    6856.5180
    883.00    6832.9492
    884.00    6809.3804
    885.00    6785.8116
    886.00    6762.2427
    887.00    6738.6739
    888.00    6715.1051
    889.00    6691.5362
    890.00    6667.9674
    891.00    6644.3986
    892.00    6620.8298
    893.00    6597.2609
    894.00    6573.6921
    895.00    6550.1233
    896.00    6526.5544
    897.00    6502.9856
    898.00    6479.4168
    899.00    6455.8480
    900.00    6432.2791
    901.00    6408.7103
    902.00    6385.1415
    903.00    6361.5726
    904.00    6338.0038
    905.00    6314.4350
    906.00    6290.8662
    907.00    6267.2973
    908.00    6243.7285
    909.00    6220.1597
    910.00    6196.5908
    911.00    6173.0220
    912.00    6149.4532
    913.00    6125.8844
    914.00    6102.3155
    915.00    6078.7467
    916.00    6055.1779
    917.00    6031.6090
    918.00    6008.0402
    919.00    5984.4714
    920.00    5960.9026
    921.00    5937.3337
    922.00    5913.7649
    923.00    5890.1961
    924.00    5866.6272
    925.00    5843.0584
    926.00    5819.4896
    927.00    5795.9208
    928.00    5772.3519
    929.00    5748.7831
    930.00    5725.2143
    931.00    5701.6454
    932.00    5678.0766
    933.00    5654.5078
    934.00    5630.9390
    935.00    5607.3701
    936.00    5583.8013
    937.00    5560.2325
    938.00    5536.6636
    939.00    5513.0948
    940.00    5489.5260
    941.00    5465.9572
    942.00    5442.3883
    943.00    5418.8195
    944.00    5395.2507
    945.00    5371.6818
    946.00    5348.1130
    947.00    5324.5442
    948.00    5300.9754
    949.00    5277.4065
    950.00    5253.8377
    951.00    5230.2689
    952.00    5206.7000
    953.00    5183.1312
    954.00    5159.5624
    955.00    5135.9936
    956.00    5112.4247
    957.00    5088.8559
    958.00    5065.2871
    959.00    5041.7182
    960.00    5018.1494
    961.00    4994.5806
    962.00    4971.0118
    963.00    4947.4429
    964.00    4923.8741
    965.00    4900.3053
    966.00    4876.7364
    967.00    4853.1676
    968.00    4829.5988
    969.00    4806.0300
    970.00    4782.4611
    971.00    4758.8923
    972.00    4735.3235
    973.00    4711.7546
    974.00    4688.1858
    975.00    4664.6170
    976.00    4641.0482
    977.00    4617.4793
    978.00    4593.9105
    979.00    4570.3417
    980.00    4546.7728
    981.00    4523.2040
    982.00    4499.6352
    983.00    4476.0664
    984.00    4452.4975
    985.00    4428.9287
    986.00    4405.3599
    987.00    4381.7910
    988.00    4358.2222
    989.00    4334.6534
    990.00    4311.0846
    991.00    4287.5157
    992.00    4263.9469
    993.00    4240.3781
    994.00    4216.8092
    995.00    4193.2404
    996.00    4169.6716
    997.00    4146.1028
    998.00    4122.5339
    999.00    4098.9651
   1000.00    4075.3963
   1001.00    4051.8274
   1002.00    4028.2586
   1003.00    4004.6898
   1004.00    3981.1210
   1005.00    3957.5521
   1006.00    3933.9833
   1007.00    3910.4145
   1008.00    3886.8456
   1009.00    3863.2768
   1010.00    3839.7080
   1011.00    3816.1392
   1012.00    3792.5703
   1013.00    3769.0015
   1014.00    3745.4327
   1015.00    3721.8638
   1016.00    3698.2950
   1017.00    3674.7262
   1018.00    3651.1574
   1019.00    3627.5885
   1020.00    3604.0197
   1021.00    3580.4509
   1022.00    3556.8820
   1023.00    3533.3132
   1024.00    3509.7444
   1025.00    3486.1756
   1026.00    3462.6067
   1027.00    3439.0379
   1028.00    3415.4691
   1029.00    3391.9002
   1030.00    3368.3314
   1031.00    3344.7626
   1032.00    3321.1938
   1033.00    3297.6249
   1034.00    3274.0561
   1035.00    3250.4873
   1036.00    3226.9184
   1037.00    3203.3496
   1038.00    3179.7808
   1039.00    3156.2120
   1040.00    3132.6431
   1041.00    3109.0743
   1042.00    3085.5055
   1043.00    3061.9366
   1044.00    3038.3678
   1045.00    3014.7990
   1046.00    2991.2302
   1047.00    2967.6613
   1048.00    2944.0925
   1049.00    2920.5237
   1050.00    2896.9548
   1051.00    2873.3860
   1052.00    2849.8172
   1053.00    2826.2484
   1054.00    2802.6795
   1055.00    2779.1107
   1056.00    2755.5419
   1057.00    2731.9730
   1058.00    2708.4042
   1059.00    2684.8354
   1060.00    2661.2666
   1061.00    2637.6977
   1062.00    2614.1289
   1063.00    2590.5601
   1064.00    2566.9912
   1065.00    2543.4224
   1066.00    2519.8536
   1067.00    2496.2848
   1068.00    2472.7159
   1069.00    2449.1471
   1070.00    2425.5783
   1071.00    2402.0094
   1072.00    2378.4406
   1073.00    2354.8718
   1074.00    2331.3030
   1075.00    2307.7341
   1076.00    2284.1653
   1077.00    2260.5965
   1078.00    2237.0276
   1079.00    2213.4588
   1080.00    2189.8900
   1081.00    2166.3212
   1082.00    2142.7523
   1083.00    2119.1835
   1084.00    2095.6147
   1085.00    2072.0458
   1086.00    2048.4770
   1087.00    2024.9082
   1088.00    2001.3394
   1089.00    1977.7705
   1090.00    1954.2017
   1091.00    1930.6329
   1092.00    1907.0640
   1093.00    1883.4952
   1094.00    1859.9264
   1095.00    1836.3576
   1096.00    1812.7887
   1097.00    1789.2199
   1098.00    1765.6511
   1099.00    1742.0822
   1100.00    1718.5134
   1101.00    1694.9446
   1102.00    1671.3758
   1103.00    1647.8069
   1104.00    1624.2381
   1105.00    1600.6693
   1106.00    1577.1004
   1107.00    1553.5316
   1108.00    1529.9628
   1109.00    1506.3940
   1110.00    1482.8251
   1111.00    1459.2563
   1112.00    1435.6875
   1113.00    1412.1186
   1114.00    1388.5498
   1115.00    1364.9810
   1116.00    1341.4122
   1117.00    1317.8433
   1118.00    1294.2745
   1119.00    1270.7057
   1120.00    1247.1368
   1121.00    1223.5680
   1122.00    1199.9992
   1123.00    1176.4304
   1124.00    1152.8615
   1125.00    1129.2927
   1126.00    1105.7239
   1127.00    1082.1550
   1128.00    1058.5862
   1129.00    1035.0174
   1130.00    1011.4486
   1131.00     987.8797
   1132.00     964.3109
   1133.00     940.7421
   1134.00     917.1732
   1135.00     893.6044
   1136.00     870.0356
   1137.00     846.4668
   1138.00     822.8979
   1139.00     799.3291
   1140.00     775.7603
   1141.00     752.1914
   1142.00     728.6226
   1143.00     705.0538
   1144.00     681.4850
   1145.00     657.9161
   1146.00     634.3473
   1147.00     610.7785
   1148.00     587.2096
   1149.00     563.6408
   1150.00     540.0720
   1151.00     516.5032
   1152.00     492.9343
   1153.00     469.3655
   1154.00     445.7967
   1155.00     422.2278
   1156.00     398.6590
   1157.00     375.0902
   1158.00     351.5214
   1159.00     327.9525
   1160.00     304.3837
   1161.00     280.8149
   1162.00     257.2460
   1163.00     233.6772
   1164.00     210.1084
   1165.00     186.5396
   1166.00     162.9707
   1167.00     139.4019
   1168.00     115.8331
   1169.00      92.2642
   1170.00      68.6954
   1171.00      45.1266
   1172.00      21.5578
   1172.91       0.0000
