      0.00       0.0000
      1.00      65.8773
      2.00     131.7547
      3.00     197.6320
      4.00     263.5094
      5.00     329.3867
      6.00     395.2641
      7.00     461.1414
      8.00     527.0188
      9.00     592.8961
     10.00     658.7735
     11.00     724.6508
     12.00     790.5282
     13.00     856.4055
     14.00     922.2829
     15.00     988.1602
     16.00    1054.0376
     17.00    1119.9149
     18.00    1185.7923
     19.00    1251.6696
     20.00    1317.5470
     21.00    1383.4243
     22.00    1449.3017
     23.00    1515.1790
     24.00    1581.0564
     25.00    1646.9337
     26.00    1712.8110
     27.00    1778.6884
     28.00    1844.5657
     29.00    1910.4431
     30.00    1976.3204
     31.00    2042.1978
     32.00    2108.0751
     33.00    2173.9525
     34.00    2239.8298
     35.00    2305.7072
     36.00    2371.5845
     37.00    2437.4619
     38.00    2503.3392
     39.00    2569.2166
     40.00    2635.0939
     41.00    2700.9713
     42.00    2766.8486
     43.00    2832.7260
     44.00    2898.6033
     45.00    2964.4807
     46.00    3030.3580
     47.00    3096.2354
     48.00    3162.1127
     49.00    3227.9901
     50.00    3293.8674
     51.00    3359.7447
     52.00    3425.6221
     53.00    3491.4994
     54.00    3557.3768
     55.00    3623.2541
     56.00    3689.1315
     57.00    3755.0088
     58.00    3820.8862
     59.00    3886.7635
     60.00    3952.6409
     61.00    4018.5182
     62.00    4084.3956
     63.00    4150.2729
     64.00    4216.1503
     65.00    4282.0276
     66.00    4347.9050
     67.00    4413.7823
     68.00    4479.6597
     69.00    4545.5370
     70.00    4611.4144
     71.00    4677.2917
     72.00    4743.1691
     73.00    4809.0464
     74.00    4874.9238
     75.00    4940.8011
     76.00    5006.6784
     77.00    5072.5558
     78.00    5138.4331
     79.00    5204.3105
     80.00    5270.1878
     81.00    5336.0652
     82.00    5401.9425
     83.00    5467.8199
     84.00    5533.6972
     85.00    5599.5746
     86.00    5665.4519
     87.00    5731.3293
     88.00    5797.2066
     89.00    5863.0840
     90.00    5928.9613
     91.00    5994.8387
     92.00    6060.7160
     93.00    6126.5934
     94.00    6192.4707
     95.00    6258.3481
     96.00    6324.2254
     97.00    6390.1028
     98.00    6455.9801
     99.00    6521.8575
    100.00    6587.7348
    101.00    6653.6121
    102.00    6719.4895
    103.00    6785.3668
    104.00    6851.2442
    105.00    6917.1215
    106.00    6982.9989
    107.00    7048.8762
    108.00    7114.7536
    109.00    7180.6309
    110.00    7246.5083
    111.00    7312.3856
    112.00    7378.2630
    113.00    7444.1403
    114.00    7510.0177
    115.00    7575.8950
    116.00    7641.7724
    117.00    7707.6497
    118.00    7773.5271
    119.00    7839.4044
    120.00    7905.2818
    121.00    7971.1591
    122.00    8037.0365
    123.00    8102.9138
    124.00    8168.7912
    125.00    8234.6685
    126.00    8300.5459
    127.00    8366.4232
    128.00    8432.3005
    129.00    8498.1779
    130.00    8564.0552
    131.00    8629.9326
    132.00    8695.8099
    133.00    8761.6873
    134.00    8827.5646
    135.00    8893.4420
    136.00    8959.3193
    137.00    9025.1967
    138.00    9091.0740
    139.00    9156.9514
    140.00    9222.8287
    141.00    9288.7061
    142.00    9354.5834
    143.00    9420.4608
    144.00    9486.3381
    145.00    9552.2155
    146.00    9618.0928
    147.00    9683.9702
    148.00    9749.8475
    149.00    9815.7249
    150.00    9881.6022
    151.00    9947.4796
    152.00   10013.3569
    153.00   10079.2342
    154.00   10145.1116
    155.00   10210.9889
    156.00   10276.8663
    157.00   10342.7436
    158.00   10408.6210
    159.00   10474.4983
    160.00   10540.3757
    161.00   10606.2530
    162.00   10672.1304
    163.00   10738.0077
    164.00   10803.8851
    165.00   10869.7624
    166.00   10935.6398
    167.00   11001.5171
    168.00   11067.3945
    169.00   11133.2718
    170.00   11199.1492
    171.00   11265.0265
    172.00   11330.9039
    173.00   11396.7812
    174.00   11462.6586
    175.00   11528.5359
    176.00   11594.4133
    177.00   11660.2906
    178.00   11726.1679
    179.00   11792.0453
    180.00   11857.9226
    181.00   11923.8000
    182.00   11989.6773
    183.00   12055.5547
    184.00   12121.4320
    185.00   12187.3094
    186.00   12253.1867
    187.00   12319.0641
    188.00   12384.9414
    189.00   12450.8188
    190.00   12516.6961
    191.00   12582.5735
    192.00   12648.4508
    193.00   12714.3282
    194.00   12780.2055
    195.00   12846.0829
    196.00   12911.9602
    197.00   12977.8376
    198.00   13043.7149
    199.00   13109.5923
    200.00   13175.4696
    201.00   13241.3470
    202.00   13307.2243
    203.00   13373.1016
    204.00   13438.9790
    205.00   13504.8563
    206.00   13570.7337
    207.00   13636.6110
    208.00   13702.4884
    209.00   13768.3657
    210.00   13834.2431
    211.00   13900.1204
    212.00   13965.9978
    213.00   14031.8751
    214.00   14097.7525
    215.00   14163.6298
    216.00   14229.5072
    217.00   14295.3845
    218.00   14361.2619
    219.00   14427.1392
    220.00   14493.0166
    221.00   14558.8939
    222.00   14624.7713
    223.00   14690.6486
    224.00   14756.5260
    225.00   14822.4033
    226.00   14888.2807
    227.00   14954.1580
    228.00   15020.0353
    229.00   15085.9127
    230.00   15151.7900
    231.00   15217.6674
    232.00   15283.5447
    233.00   15349.4221
    234.00   15415.2994
    235.00   15481.1768
    236.00   15547.0541
    237.00   15612.9315
    238.00   15678.8088
    239.00   15744.6862
    240.00   15810.5635
    241.00   15876.4409
    242.00   15942.3182
    243.00   16008.1956
    244.00   16074.0729
    245.00   16139.9503
    246.00   16205.8276
    247.00   16271.7050
    248.00   16337.5823
    249.00   16403.4597
    250.00   16469.3370
    251.00   16535.2144
    252.00   16601.0917
    253.00   16666.9690
    254.00   16732.8464
    255.00   16798.7237
    256.00   16864.6011
    257.00   16930.4784
    258.00   16996.3558
    259.00   17062.2331
    260.00   17128.1105
    261.00   17193.9878
    262.00   17259.8652
    263.00   17325.7425
    264.00   17391.6199
    265.00   17457.4972
    266.00   17523.3746
    267.00   17589.2519
    268.00   17655.1293
    269.00   17721.0066
    270.00   17786.8840
    271.00   17852.7613
    272.00   17918.6387
    273.00   17984.5160
    274.00   18050.3934
    275.00   18116.2707
    276.00   18182.1481
    277.00   18248.0254
    278.00   18313.9027
    279.00   18379.7801
    280.00   18445.6574
    281.00   18511.5348
    282.00   18577.4121
    283.00   18643.2895
    284.00   18709.1668
    284.50   18742.3800
    285.00   18733.9594
    286.00   18716.9767
    287.00   18699.9940
    288.00   18683.0113
    289.00   18666.0286
    290.00   18649.0459
    291.00   18632.0632
    292.00   18615.0805
    293.00   18598.0977
    294.00   18581.1150
    295.00   18564.1323
    296.00   18547.1496
    297.00   18530.1669
    298.00   18513.1842
    299.00   18496.2015
    300.00   18479.2188
    301.00   18462.2361
    302.00   18445.2534
    303.00   18428.2707
    304.00   18411.2880
    305.00   18394.3052
    306.00   18377.3225
    307.00   18360.3398
    308.00   18343.3571
    309.00   18326.3744
    310.00   18309.3917
    311.00   18292.4090
    312.00   18275.4263
    313.00   18258.4436
    314.00   18241.4609
    315.00   18224.4782
    316.00   18207.4955
    317.00   18190.5128
    318.00   18173.5300
    319.00   18156.5473
    320.00   18139.5646
    321.00   18122.5819
    322.00   18105.5992
    323.00   18088.6165
    324.00   18071.6338
    325.00   18054.6511
    326.00   18037.6684
    327.00   18020.6857
    328.00   18003.7030
    329.00   17986.7203
    330.00   17969.7376
    331.00   17952.7548
    332.00   17935.7721
    333.00   17918.7894
    334.00   17901.8067
    335.00   17884.8240
    336.00   17867.8413
    337.00   17850.8586
    338.00   17833.8759
    339.00   17816.8932
    340.00   17799.9105
    341.00   17782.9278
    342.00   17765.9451
    343.00   17748.9624
    344.00   17731.9796
    345.00   17714.9969
    346.00   17698.0142
    347.00   17681.0315
    348.00   17664.0488
    349.00   17647.0661
    350.00   17630.0834
    351.00   17613.1007
    352.00   17596.1180
    353.00   17579.1353
    354.00   17562.1526
    355.00   17545.1699
    356.00   17528.1871
    357.00   17511.2044
    358.00   17494.2217
    359.00   17477.2390
    360.00   17460.2563
    361.00   17443.2736
    362.00   17426.2909
    363.00   17409.3082
    364.00   17392.3255
    365.00   17375.3428
    366.00   17358.3601
    367.00   17341.3774
    368.00   17324.3947
    369.00   17307.4119
    370.00   17290.4292
    371.00   17273.4465
    372.00   17256.4638
    373.00   17239.4811
    374.00   17222.4984
    375.00   17205.5157
    376.00   17188.5330
    377.00   17171.5503
    378.00   17154.5676
    379.00   17137.5849
    380.00   17120.6022
    381.00   17103.6195
    382.00   17086.6367
    383.00   17069.6540
    384.00   17052.6713
    385.00   17035.6886
    386.00   17018.7059
    387.00   17001.7232
    388.00   16984.7405
    389.00   16967.7578
    390.00   16950.7751
    391.00   16933.7924
    392.00   16916.8097
    393.00   16899.8270
    394.00   16882.8442
    395.00   16865.8615
    396.00   16848.8788
    397.00   16831.8961
    398.00   16814.9134
    399.00   16797.9307
    400.00   16780.9480
    401.00   16763.9653
    402.00   16746.9826
    403.00   16729.9999
    404.00   16713.0172
    405.00   16696.0345
    406.00   16679.0518
    407.00   16662.0690
    408.00   16645.0863
    409.00   16628.1036
    410.00   16611.1209
    411.00   16594.1382
    412.00   16577.1555
    413.00   16560.1728
    414.00   16543.1901
    415.00   16526.2074
    416.00   16509.2247
    417.00   16492.2420
    418.00   16475.2593
    419.00   16458.2766
    420.00   16441.2938
    421.00   16424.3111
    422.00   16407.3284
    423.00   16390.3457
    424.00   16373.3630
    425.00   16356.3803
    426.00   16339.3976
    427.00   16322.4149
    428.00   16305.4322
    429.00   16288.4495
    430.00   16271.4668
    431.00   16254.4841
    432.00   16237.5013
    433.00   16220.5186
    434.00   16203.5359
    435.00   16186.5532
    436.00   16169.5705
    437.00   16152.5878
    438.00   16135.6051
    439.00   16118.6224
    440.00   16101.6397
    441.00   16084.6570
    442.00   16067.6743
    443.00   16050.6916
    444.00   16033.7089
    445.00   16016.7261
    446.00   15999.7434
    447.00   15982.7607
    448.00   15965.7780
    449.00   15948.7953
    450.00   15931.8126
    451.00   15914.8299
    452.00   15897.8472
    453.00   15880.8645
    454.00   15863.8818
    455.00   15846.8991
    456.00   15829.9164
    457.00   15812.9337
    458.00   15795.9509
    459.00   15778.9682
    460.00   15761.9855
    461.00   15745.0028
    462.00   15728.0201
    463.00   15711.0374
    464.00   15694.0547
    465.00   15677.0720
    466.00   15660.0893
    467.00   15643.1066
    468.00   15626.1239
    469.00   15609.1412
    470.00   15592.1584
    471.00   15575.1757
    472.00   15558.1930
    473.00   15541.2103
    474.00   15524.2276
    475.00   15507.2449
    476.00   15490.2622
    477.00   15473.2795
    478.00   15456.2968
    479.00   15439.3141
    480.00   15422.3314
    481.00   15405.3487
    482.00   15388.3660
    483.00   15371.3832
    484.00   15354.4005
    485.00   15337.4178
    486.00   15320.4351
    487.00   15303.4524
    488.00   15286.4697
    489.00   15269.4870
    490.00   15252.5043
    491.00   15235.5216
    492.00   15218.5389
    493.00   15201.5562
    494.00   15184.5735
    495.00   15167.5908
    496.00   15150.6080
    497.00   15133.6253
    498.00   15116.6426
    499.00   15099.6599
    500.00   15082.6772
    501.00   15065.6945
    502.00   15048.7118
    503.00   15031.7291
    504.00   15014.7464
    505.00   14997.7637
    506.00   14980.7810
    507.00   14963.7983
    508.00   14946.8156
    509.00   14929.8328
    510.00   14912.8501
    511.00   14895.8674
    512.00   14878.8847
    513.00   14861.9020
    514.00   14844.9193
    515.00   14827.9366
    516.00   14810.9539
    517.00   14793.9712
    518.00   14776.9885
    519.00   14760.0058
    520.00   14743.0231
    521.00   14726.0403
    522.00   14709.0576
    523.00   14692.0749
    524.00   14675.0922
    525.00   14658.1095
    526.00   14641.1268
    527.00   14624.1441
    528.00   14607.1614
    529.00   14590.1787
    530.00   14573.1960
    531.00   14556.2133
    532.00   14539.2306
    533.00   14522.2479
    534.00   14505.2651
    535.00   14488.2824
    536.00   14471.2997
    537.00   14454.3170
    538.00   14437.3343
    539.00   14420.3516
    540.00   14403.3689
    541.00   14386.3862
    542.00   14369.4035
    543.00   14352.4208
    544.00   14335.4381
    545.00   14318.4554
    546.00   14301.4727
    547.00   14284.4899
    548.00   14267.5072
    549.00   14250.5245
    550.00   14233.5418
    551.00   14216.5591
    552.00   14199.5764
    553.00   14182.5937
    554.00   14165.6110
    555.00   14148.6283
    556.00   14131.6456
    557.00   14114.6629
    558.00   14097.6802
    559.00   14080.6974
    560.00   14063.7147
    561.00   14046.7320
    562.00   14029.7493
    563.00   14012.7666
    564.00   13995.7839
    565.00   13978.8012
    566.00   13961.8185
    567.00   13944.8358
    568.00   13927.8531
    569.00   13910.8704
    570.00   13893.8877
    571.00   13876.9050
    572.00   13859.9222
    573.00   13842.9395
    574.00   13825.9568
    575.00   13808.9741
    576.00   13791.9914
    577.00   13775.0087
    578.00   13758.0260
    579.00   13741.0433
    580.00   13724.0606
    581.00   13707.0779
    582.00   13690.0952
    583.00   13673.1125
    584.00   13656.1298
    585.00   13639.1470
    586.00   13622.1643
    587.00   13605.1816
    588.00   13588.1989
    589.00   13571.2162
    590.00   13554.2335
    591.00   13537.2508
    592.00   13520.2681
    593.00   13503.2854
    594.00   13486.3027
    595.00   13469.3200
    596.00   13452.3373
    597.00   13435.3545
    598.00   13418.3718
    599.00   13401.3891
    600.00   13384.4064
    601.00   13367.4237
    602.00   13350.4410
    603.00   13333.4583
    604.00   13316.4756
    605.00   13299.4929
    606.00   13282.5102
    607.00   13265.5275
    608.00   13248.5448
    609.00   13231.5621
    610.00   13214.5793
    611.00   13197.5966
    612.00   13180.6139
    613.00   13163.6312
    614.00   13146.6485
    615.00   13129.6658
    616.00   13112.6831
    617.00   13095.7004
    618.00   13078.7177
    619.00   13061.7350
    620.00   13044.7523
    621.00   13027.7696
    622.00   13010.7869
    623.00   12993.8041
    624.00   12976.8214
    625.00   12959.8387
    626.00   12942.8560
    627.00   12925.8733
    628.00   12908.8906
    629.00   12891.9079
    630.00   12874.9252
    631.00   12857.9425
    632.00   12840.9598
    633.00   12823.9771
    634.00   12806.9944
    635.00   12790.0116
    636.00   12773.0289
    637.00   12756.0462
    638.00   12739.0635
    639.00   12722.0808
    640.00   12705.0981
    641.00   12688.1154
    642.00   12671.1327
    643.00   12654.1500
    644.00   12637.1673
    645.00   12620.1846
    646.00   12603.2019
    647.00   12586.2192
    648.00   12569.2364
    649.00   12552.2537
    650.00   12535.2710
    651.00   12518.2883
    652.00   12501.3056
    653.00   12484.3229
    654.00   12467.3402
    655.00   12450.3575
    656.00   12433.3748
    657.00   12416.3921
    658.00   12399.4094
    659.00   12382.4267
    660.00   12365.4440
    661.00   12348.4612
    662.00   12331.4785
    663.00   12314.4958
    664.00   12297.5131
    665.00   12280.5304
    666.00   12263.5477
    667.00   12246.5650
    668.00   12229.5823
    669.00   12212.5996
    670.00   12195.6169
    671.00   12178.6342
    672.00   12161.6515
    673.00   12144.6688
    674.00   12127.6860
    675.00   12110.7033
    676.00   12093.7206
    677.00   12076.7379
    678.00   12059.7552
    679.00   12042.7725
    680.00   12025.7898
    681.00   12008.8071
    682.00   11991.8244
    683.00   11974.8417
    684.00   11957.8590
    685.00   11940.8763
    686.00   11923.8935
    687.00   11906.9108
    688.00   11889.9281
    689.00   11872.9454
    690.00   11855.9627
    691.00   11838.9800
    692.00   11821.9973
    693.00   11805.0146
    694.00   11788.0319
    695.00   11771.0492
    696.00   11754.0665
    697.00   11737.0838
    698.00   11720.1011
    699.00   11703.1183
    700.00   11686.1356
    701.00   11669.1529
    702.00   11652.1702
    703.00   11635.1875
    704.00   11618.2048
    705.00   11601.2221
    706.00   11584.2394
    707.00   11567.2567
    708.00   11550.2740
    709.00   11533.2913
    710.00   11516.3086
    711.00   11499.3259
    712.00   11482.3431
    713.00   11465.3604
    714.00   11448.3777
    715.00   11431.3950
    716.00   11414.4123
    717.00   11397.4296
    718.00   11380.4469
    719.00   11363.4642
    720.00   11346.4815
    721.00   11329.4988
    722.00   11312.5161
    723.00   11295.5334
    724.00   11278.5506
    725.00   11261.5679
    726.00   11244.5852
    727.00   11227.6025
    728.00   11210.6198
    729.00   11193.6371
    730.00   11176.6544
    731.00   11159.6717
    732.00   11142.6890
    733.00   11125.7063
    734.00   11108.7236
    735.00   11091.7409
    736.00   11074.7582
    737.00   11057.7754
    738.00   11040.7927
    739.00   11023.8100
    740.00   11006.8273
    741.00   10989.8446
    742.00   10972.8619
    743.00   10955.8792
    744.00   10938.8965
    745.00   10921.9138
    746.00   10904.9311
    747.00   10887.9484
    748.00   10870.9657
    749.00   10853.9830
    750.00   10837.0002
    751.00   10820.0175
    752.00   10803.0348
    753.00   10786.0521
    754.00   10769.0694
    755.00   10752.0867
    756.00   10735.1040
    757.00   10718.1213
    758.00   10701.1386
    759.00   10684.1559
    760.00   10667.1732
    761.00   10650.1905
    762.00   10633.2077
    763.00   10616.2250
    764.00   10599.2423
    765.00   10582.2596
    766.00   10565.2769
    767.00   10548.2942
    768.00   10531.3115
    769.00   10514.3288
    770.00   10497.3461
    771.00   10480.3634
    772.00   10463.3807
    773.00   10446.3980
    774.00   10429.4153
    775.00   10412.4325
    776.00   10395.4498
    777.00   10378.4671
    778.00   10361.4844
    779.00   10344.5017
    780.00   10327.5190
    781.00   10310.5363
    782.00   10293.5536
    783.00   10276.5709
    784.00   10259.5882
    785.00   10242.6055
    786.00   10225.6228
    787.00   10208.6401
    788.00   10191.6573
    789.00   10174.6746
    790.00   10157.6919
    791.00   10140.7092
    792.00   10123.7265
    793.00   10106.7438
    794.00   10089.7611
    795.00   10072.7784
    796.00   10055.7957
    797.00   10038.8130
    798.00   10021.8303
    799.00   10004.8476
    800.00    9987.8648
    801.00    9970.8821
    802.00    9953.8994
    803.00    9936.9167
    804.00    9919.9340
    805.00    9902.9513
    806.00    9885.9686
    807.00    9868.9859
    808.00    9852.0032
    809.00    9835.0205
    810.00    9818.0378
    811.00    9801.0551
    812.00    9784.0724
    813.00    9767.0896
    814.00    9750.1069
    815.00    9733.1242
    816.00    9716.1415
    817.00    9699.1588
    818.00    9682.1761
    819.00    9665.1934
    820.00    9648.2107
    821.00    9631.2280
    822.00    9614.2453
    823.00    9597.2626
    824.00    9580.2799
    825.00    9563.2972
    826.00    9546.3144
    827.00    9529.3317
    828.00    9512.3490
    829.00    9495.3663
    830.00    9478.3836
    831.00    9461.4009
    832.00    9444.4182
    833.00    9427.4355
    834.00    9410.4528
    835.00    9393.4701
    836.00    9376.4874
    837.00    9359.5047
    838.00    9342.5219
    839.00    9325.5392
    840.00    9308.5565
    841.00    9291.5738
    842.00    9274.5911
    843.00    9257.6084
    844.00    9240.6257
    845.00    9223.6430
    846.00    9206.6603
    847.00    9189.6776
    848.00    9172.6949
    849.00    9155.7122
    850.00    9138.7295
    851.00    9121.7467
    852.00    9104.7640
    853.00    9087.7813
    854.00    9070.7986
    855.00    9053.8159
    856.00    9036.8332
    857.00    9019.8505
    858.00    9002.8678
    859.00    8985.8851
    860.00    8968.9024
    861.00    8951.9197
    862.00    8934.9370
    863.00    8917.9543
    864.00    8900.9715
    865.00    8883.9888
    866.00    8867.0061
    867.00    8850.0234
    868.00    8833.0407
    869.00    8816.0580
    870.00    8799.0753
    871.00    8782.0926
    872.00    8765.1099
    873.00    8748.1272
    874.00    8731.1445
    875.00    8714.1618
    876.00    8697.1791
    877.00    8680.1963
    878.00    8663.2136
    879.00    8646.2309
    880.00    8629.2482
    881.00    8612.2655
    882.00    8595.2828
    883.00    8578.3001
    884.00    8561.3174
    885.00    8544.3347
    886.00    8527.3520
    887.00    8510.3693
    888.00    8493.3866
    889.00    8476.4038
    890.00    8459.4211
    891.00    8442.4384
    892.00    8425.4557
    893.00    8408.4730
    894.00    8391.4903
    895.00    8374.5076
    896.00    8357.5249
    897.00    8340.5422
    898.00    8323.5595
    899.00    8306.5768
    900.00    8289.5941
    901.00    8272.6114
    902.00    8255.6286
    903.00    8238.6459
    904.00    8221.6632
    905.00    8204.6805
    906.00    8187.6978
    907.00    8170.7151
    908.00    8153.7324
    909.00    8136.7497
    910.00    8119.7670
    911.00    8102.7843
    912.00    8085.8016
    913.00    8068.8189
    914.00    8051.8362
    915.00    8034.8534
    916.00    8017.8707
    917.00    8000.8880
    918.00    7983.9053
    919.00    7966.9226
    920.00    7949.9399
    921.00    7932.9572
    922.00    7915.9745
    923.00    7898.9918
    924.00    7882.0091
    925.00    7865.0264
    926.00    7848.0437
    927.00    7831.0609
    928.00    7814.0782
    929.00    7797.0955
    930.00    7780.1128
    931.00    7763.1301
    932.00    7746.1474
    933.00    7729.1647
    934.00    7712.1820
    935.00    7695.1993
    936.00    7678.2166
    937.00    7661.2339
    938.00    7644.2512
    939.00    7627.2685
    940.00    7610.2857
    941.00    7593.3030
    942.00    7576.3203
    943.00    7559.3376
    944.00    7542.3549
    945.00    7525.3722
    946.00    7508.3895
    947.00    7491.4068
    948.00    7474.4241
    949.00    7457.4414
    950.00    7440.4587
    951.00    7423.4760
    952.00    7406.4933
    953.00    7389.5105
    954.00    7372.5278
    955.00    7355.5451
    956.00    7338.5624
    957.00    7321.5797
    958.00    7304.5970
    959.00    7287.6143
    960.00    7270.6316
    961.00    7253.6489
    962.00    7236.6662
    963.00    7219.6835
    964.00    7202.7008
    965.00    7185.7180
    966.00    7168.7353
    967.00    7151.7526
    968.00    7134.7699
    969.00    7117.7872
    970.00    7100.8045
    971.00    7083.8218
    972.00    7066.8391
    973.00    7049.8564
    974.00    7032.8737
    975.00    7015.8910
    976.00    6998.9083
    977.00    6981.9256
    978.00    6964.9428
    979.00    6947.9601
    980.00    6930.9774
    981.00    6913.9947
    982.00    6897.0120
    983.00    6880.0293
    984.00    6863.0466
    985.00    6846.0639
    986.00    6829.0812
    987.00    6812.0985
    988.00    6795.1158
    989.00    6778.1331
    990.00    6761.1504
    991.00    6744.1676
    992.00    6727.1849
    993.00    6710.2022
    994.00    6693.2195
    995.00    6676.2368
    996.00    6659.2541
    997.00    6642.2714
    998.00    6625.2887
    999.00    6608.3060
   1000.00    6591.3233
   1001.00    6574.3406
   1002.00    6557.3579
   1003.00    6540.3751
   1004.00    6523.3924
   1005.00    6506.4097
   1006.00    6489.4270
   1007.00    6472.4443
   1008.00    6455.4616
   1009.00    6438.4789
   1010.00    6421.4962
   1011.00    6404.5135
   1012.00    6387.5308
   1013.00    6370.5481
   1014.00    6353.5654
   1015.00    6336.5827
   1016.00    6319.5999
   1017.00    6302.6172
   1018.00    6285.6345
   1019.00    6268.6518
   1020.00    6251.6691
   1021.00    6234.6864
   1022.00    6217.7037
   1023.00    6200.7210
   1024.00    6183.7383
   1025.00    6166.7556
   1026.00    6149.7729
   1027.00    6132.7902
   1028.00    6115.8075
   1029.00    6098.8247
   1030.00    6081.8420
   1031.00    6064.8593
   1032.00    6047.8766
   1033.00    6030.8939
   1034.00    6013.9112
   1035.00    5996.9285
   1036.00    5979.9458
   1037.00    5962.9631
   1038.00    5945.9804
   1039.00    5928.9977
   1040.00    5912.0150
   1041.00    5895.0323
   1042.00    5878.0495
   1043.00    5861.0668
   1044.00    5844.0841
   1045.00    5827.1014
   1046.00    5810.1187
   1047.00    5793.1360
   1048.00    5776.1533
   1049.00    5759.1706
   1050.00    5742.1879
   1051.00    5725.2052
   1052.00    5708.2225
   1053.00    5691.2398
   1054.00    5674.2570
   1055.00    5657.2743
   1056.00    5640.2916
   1057.00    5623.3089
   1058.00    5606.3262
   1059.00    5589.3435
   1060.00    5572.3608
   1061.00    5555.3781
   1062.00    5538.3954
   1063.00    5521.4127
   1064.00    5504.4300
   1065.00    5487.4473
   1066.00    5470.4646
   1067.00    5453.4818
   1068.00    5436.4991
   1069.00    5419.5164
   1070.00    5402.5337
   1071.00    5385.5510
   1072.00    5368.5683
   1073.00    5351.5856
   1074.00    5334.6029
   1075.00    5317.6202
   1076.00    5300.6375
   1077.00    5283.6548
   1078.00    5266.6721
   1079.00    5249.6894
   1080.00    5232.7066
   1081.00    5215.7239
   1082.00    5198.7412
   1083.00    5181.7585
   1084.00    5164.7758
   1085.00    5147.7931
   1086.00    5130.8104
   1087.00    5113.8277
   1088.00    5096.8450
   1089.00    5079.8623
   1090.00    5062.8796
   1091.00    5045.8969
   1092.00    5028.9141
   1093.00    5011.9314
   1094.00    4994.9487
   1095.00    4977.9660
   1096.00    4960.9833
   1097.00    4944.0006
   1098.00    4927.0179
   1099.00    4910.0352
   1100.00    4893.0525
   1101.00    4876.0698
   1102.00    4859.0871
   1103.00    4842.1044
   1104.00    4825.1217
   1105.00    4808.1389
   1106.00    4791.1562
   1107.00    4774.1735
   1108.00    4757.1908
   1109.00    4740.2081
   1110.00    4723.2254
   1111.00    4706.2427
   1112.00    4689.2600
   1113.00    4672.2773
   1114.00    4655.2946
   1115.00    4638.3119
   1116.00    4621.3292
   1117.00    4604.3465
   1118.00    4587.3637
   1119.00    4570.3810
   1120.00    4553.3983
   1121.00    4536.4156
   1122.00    4519.4329
   1123.00    4502.4502
   1124.00    4485.4675
   1125.00    4468.4848
   1126.00    4451.5021
   1127.00    4434.5194
   1128.00    4417.5367
   1129.00    4400.5540
   1130.00    4383.5712
   1131.00    4366.5885
   1132.00    4349.6058
   1133.00    4332.6231
   1134.00    4315.6404
   1135.00    4298.6577
   1136.00    4281.6750
   1137.00    4264.6923
   1138.00    4247.7096
   1139.00    4230.7269
   1140.00    4213.7442
   1141.00    4196.7615
   1142.00    4179.7788
   1143.00    4162.7960
   1144.00    4145.8133
   1145.00    4128.8306
   1146.00    4111.8479
   1147.00    4094.8652
   1148.00    4077.8825
   1149.00    4060.8998
   1150.00    4043.9171
   1151.00    4026.9344
   1152.00    4009.9517
   1153.00    3992.9690
   1154.00    3975.9863
   1155.00    3959.0036
   1156.00    3942.0208
   1157.00    3925.0381
   1158.00    3908.0554
   1159.00    3891.0727
   1160.00    3874.0900
   1161.00    3857.1073
   1162.00    3840.1246
   1163.00    3823.1419
   1164.00    3806.1592
   1165.00    3789.1765
   1166.00    3772.1938
   1167.00    3755.2111
   1168.00    3738.2283
   1169.00    3721.2456
   1170.00    3704.2629
   1171.00    3687.2802
   1172.00    3670.2975
   1173.00    3653.3148
   1174.00    3636.3321
   1175.00    3619.3494
   1176.00    3602.3667
   1177.00    3585.3840
   1178.00    3568.4013
   1179.00    3551.4186
   1180.00    3534.4359
   1181.00    3517.4531
   1182.00    3500.4704
   1183.00    3483.4877
   1184.00    3466.5050
   1185.00    3449.5223
   1186.00    3432.5396
   1187.00    3415.5569
   1188.00    3398.5742
   1189.00    3381.5915
   1190.00    3364.6088
   1191.00    3347.6261
   1192.00    3330.6434
   1193.00    3313.6607
   1194.00    3296.6779
   1195.00    3279.6952
   1196.00    3262.7125
   1197.00    3245.7298
   1198.00    3228.7471
   1199.00    3211.7644
   1200.00    3194.7817
   1201.00    3177.7990
   1202.00    3160.8163
   1203.00    3143.8336
   1204.00    3126.8509
   1205.00    3109.8682
   1206.00    3092.8855
   1207.00    3075.9027
   1208.00    3058.9200
   1209.00    3041.9373
   1210.00    3024.9546
   1211.00    3007.9719
   1212.00    2990.9892
   1213.00    2974.0065
   1214.00    2957.0238
   1215.00    2940.0411
   1216.00    2923.0584
   1217.00    2906.0757
   1218.00    2889.0930
   1219.00    2872.1102
   1220.00    2855.1275
   1221.00    2838.1448
   1222.00    2821.1621
   1223.00    2804.1794
   1224.00    2787.1967
   1225.00    2770.2140
   1226.00    2753.2313
   1227.00    2736.2486
   1228.00    2719.2659
   1229.00    2702.2832
   1230.00    2685.3005
   1231.00    2668.3178
   1232.00    2651.3350
   1233.00    2634.3523
   1234.00    2617.3696
   1235.00    2600.3869
   1236.00    2583.4042
   1237.00    2566.4215
   1238.00    2549.4388
   1239.00    2532.4561
   1240.00    2515.4734
   1241.00    2498.4907
   1242.00    2481.5080
   1243.00    2464.5253
   1244.00    2447.5426
   1245.00    2430.5598
   1246.00    2413.5771
   1247.00    2396.5944
   1248.00    2379.6117
   1249.00    2362.6290
   1250.00    2345.6463
   1251.00    2328.6636
   1252.00    2311.6809
   1253.00    2294.6982
   1254.00    2277.7155
   1255.00    2260.7328
   1256.00    2243.7501
   1257.00    2226.7673
   1258.00    2209.7846
   1259.00    2192.8019
   1260.00    2175.8192
   1261.00    2158.8365
   1262.00    2141.8538
   1263.00    2124.8711
   1264.00    2107.8884
   1265.00    2090.9057
   1266.00    2073.9230
   1267.00    2056.9403
   1268.00    2039.9576
   1269.00    2022.9749
   1270.00    2005.9921
   1271.00    1989.0094
   1272.00    1972.0267
   1273.00    1955.0440
   1274.00    1938.0613
   1275.00    1921.0786
   1276.00    1904.0959
   1277.00    1887.1132
   1278.00    1870.1305
   1279.00    1853.1478
   1280.00    1836.1651
   1281.00    1819.1824
   1282.00    1802.1997
   1283.00    1785.2169
   1284.00    1768.2342
   1285.00    1751.2515
   1286.00    1734.2688
   1287.00    1717.2861
   1288.00    1700.3034
   1289.00    1683.3207
   1290.00    1666.3380
   1291.00    1649.3553
   1292.00    1632.3726
   1293.00    1615.3899
   1294.00    1598.4072
   1295.00    1581.4244
   1296.00    1564.4417
   1297.00    1547.4590
   1298.00    1530.4763
   1299.00    1513.4936
   1300.00    1496.5109
   1301.00    1479.5282
   1302.00    1462.5455
   1303.00    1445.5628
   1304.00    1428.5801
   1305.00    1411.5974
   1306.00    1394.6147
   1307.00    1377.6320
   1308.00    1360.6492
   1309.00    1343.6665
   1310.00    1326.6838
   1311.00    1309.7011
   1312.00    1292.7184
   1313.00    1275.7357
   1314.00    1258.7530
   1315.00    1241.7703
   1316.00    1224.7876
   1317.00    1207.8049
   1318.00    1190.8222
   1319.00    1173.8395
   1320.00    1156.8568
   1321.00    1139.8740
   1322.00    1122.8913
   1323.00    1105.9086
   1324.00    1088.9259
   1325.00    1071.9432
   1326.00    1054.9605
   1327.00    1037.9778
   1328.00    1020.9951
   1329.00    1004.0124
   1330.00     987.0297
   1331.00     970.0470
   1332.00     953.0643
   1333.00     936.0815
   1334.00     919.0988
   1335.00     902.1161
   1336.00     885.1334
   1337.00     868.1507
   1338.00     851.1680
   1339.00     834.1853
   1340.00     817.2026
   1341.00     800.2199
   1342.00     783.2372
   1343.00     766.2545
   1344.00     749.2718
   1345.00     732.2891
   1346.00     715.3063
   1347.00     698.3236
   1348.00     681.3409
   1349.00     664.3582
   1350.00     647.3755
   1351.00     630.3928
   1352.00     613.4101
   1353.00     596.4274
   1354.00     579.4447
   1355.00     562.4620
   1356.00     545.4793
   1357.00     528.4966
   1358.00     511.5139
   1359.00     494.5311
   1360.00     477.5484
   1361.00     460.5657
   1362.00     443.5830
   1363.00     426.6003
   1364.00     409.6176
   1365.00     392.6349
   1366.00     375.6522
   1367.00     358.6695
   1368.00     341.6868
   1369.00     324.7041
   1370.00     307.7214
   1371.00     290.7387
   1372.00     273.7559
   1373.00     256.7732
   1374.00     239.7905
   1375.00     222.8078
   1376.00     205.8251
   1377.00     188.8424
   1378.00     171.8597
   1379.00     154.8770
   1380.00     137.8943
   1381.00     120.9116
   1382.00     103.9289
   1383.00      86.9462
   1384.00      69.9634
   1385.00      52.9807
   1386.00      35.9980
   1387.00      19.0153
   1388.00       2.0326
   1388.12       0.0000
