      0.00       0.0000
      1.00      79.7798
      2.00     159.5595
      3.00     239.3393
      4.00     319.1190
      5.00     398.8988
      6.00     478.6786
      7.00     558.4583
      8.00     638.2381
      9.00     718.0178
     10.00     797.7976
     11.00     877.5774
     12.00     957.3571
     13.00    1037.1369
     14.00    1116.9167
     15.00    1196.6964
     16.00    1276.4762
     17.00    1356.2559
     18.00    1436.0357
     19.00    1515.8155
     20.00    1595.5952
     21.00    1675.3750
     22.00    1755.1547
     23.00    1834.9345
     24.00    1914.7143
     25.00    1994.4940
     26.00    2074.2738
     27.00    2154.0535
     28.00    2233.8333
     29.00    2313.6131
     30.00    2393.3928
     31.00    2473.1726
     32.00    2552.9523
     33.00    2632.7321
     34.00    2712.5119
     35.00    2792.2916
     36.00    2872.0714
     37.00    2951.8512
     38.00    3031.6309
     39.00    3111.4107
     40.00    3191.1904
     41.00    3270.9702
     42.00    3350.7500
     43.00    3430.5297
     44.00    3510.3095
     45.00    3590.0892
     46.00    3669.8690
     47.00    3749.6488
     48.00    3829.4285
     49.00    3909.2083
     50.00    3988.9880
     51.00    4068.7678
     52.00    4148.5476
     53.00    4228.3273
     54.00    4308.1071
     55.00    4387.8868
     56.00    4467.6666
     57.00    4547.4464
     58.00    4627.2261
     59.00    4707.0059
     60.00    4786.7857
     61.00    4866.5654
     62.00    4946.3452
     63.00    5026.1249
     64.00    5105.9047
     65.00    5185.6845
     66.00    5265.4642
     67.00    5345.2440
     68.00    5425.0237
     69.00    5504.8035
     70.00    5584.5833
     71.00    5664.3630
     72.00    5744.1428
     73.00    5823.9225
     74.00    5903.7023
     75.00    5983.4821
     76.00    6063.2618
     77.00    6143.0416
     78.00    6222.8214
     79.00    6302.6011
     80.00    6382.3809
     81.00    6462.1606
     82.00    6541.9404
     83.00    6621.7202
     84.00    6701.4999
     85.00    6781.2797
     86.00    6861.0594
     87.00    6940.8392
     88.00    7020.6190
     89.00    7100.3987
     90.00    7180.1785
     91.00    7259.9582
     92.00    7339.7380
     93.00    7419.5178
     94.00    7499.2975
     95.00    7579.0773
     96.00    7658.8570
     97.00    7738.6368
     98.00    7818.4166
     99.00    7898.1963
    100.00    7977.9761
    101.00    8057.7559
    102.00    8137.5356
    103.00    8217.3154
    104.00    8297.0951
    105.00    8376.8749
    106.00    8456.6547
    107.00    8536.4344
    108.00    8616.2142
    109.00    8695.9939
    110.00    8775.7737
    111.00    8855.5535
    112.00    8935.3332
    113.00    9015.1130
    114.00    9094.8927
    115.00    9174.6725
    116.00    9254.4523
    117.00    9334.2320
    118.00    9414.0118
    119.00    9493.7915
    120.00    9573.5713
    121.00    9653.3511
    122.00    9733.1308
    123.00    9812.9106
    124.00    9892.6904
    125.00    9972.4701
    126.00   10052.2499
    127.00   10132.0296
    128.00   10211.8094
    129.00   10291.5892
    130.00   10371.3689
    131.00   10451.1487
    132.00   10530.9284
    133.00   10610.7082
    134.00   10690.4880
    135.00   10770.2677
    136.00   10850.0475
    137.00   10929.8272
    138.00   11009.6070
    139.00   11089.3868
    140.00   11169.1665
    141.00   11248.9463
    142.00   11328.7260
    143.00   11408.5058
    144.00   11488.2856
    145.00   11568.0653
    146.00   11647.8451
    147.00   11727.6249
    148.00   11807.4046
    149.00   11887.1844
    150.00   11966.9641
    151.00   12046.7439
    152.00   12126.5237
    153.00   12206.3034
    154.00   12286.0832
    155.00   12365.8629
    156.00   12445.6427
    157.00   12525.4225
    158.00   12605.2022
    159.00   12684.9820
    160.00   12764.7617
    161.00   12844.5415
    162.00   12924.3213
    163.00   13004.1010
    164.00   13083.8808
    165.00   13163.6605
    166.00   13243.4403
    167.00   13323.2201
    168.00   13402.9998
    169.00   13482.7796
    170.00   13562.5594
    171.00   13642.3391
    172.00   13722.1189
    173.00   13801.8986
    174.00   13881.6784
    175.00   13961.4582
    176.00   14041.2379
    177.00   14121.0177
    178.00   14200.7974
    179.00   14280.5772
    180.00   14360.3570
    181.00   14440.1367
    182.00   14519.9165
    183.00   14599.6962
    184.00   14679.4760
    185.00   14759.2558
    186.00   14839.0355
    187.00   14918.8153
    188.00   14998.5950
    189.00   15078.3748
    190.00   15158.1546
    191.00   15237.9343
    192.00   15317.7141
    193.00   15397.4939
    194.00   15477.2736
    195.00   15557.0534
    196.00   15636.8331
    197.00   15716.6129
    198.00   15796.3927
    199.00   15876.1724
    200.00   15955.9522
    201.00   16035.7319
    202.00   16115.5117
    203.00   16195.2915
    204.00   16275.0712
    205.00   16354.8510
    206.00   16434.6307
    207.00   16514.4105
    208.00   16594.1903
    209.00   16673.9700
    210.00   16753.7498
    211.00   16833.5296
    212.00   16913.3093
    213.00   16993.0891
    214.00   17072.8688
    215.00   17152.6486
    216.00   17232.4284
    217.00   17312.2081
    218.00   17391.9879
    219.00   17471.7676
    220.00   17551.5474
    221.00   17631.3272
    222.00   17711.1069
    223.00   17790.8867
    224.00   17870.6664
    225.00   17950.4462
    226.00   18030.2260
    227.00   18110.0057
    228.00   18189.7855
    229.00   18269.5652
    230.00   18349.3450
    231.00   18429.1248
    232.00   18508.9045
    233.00   18588.6843
    234.00   18668.4641
    234.93   18742.3800
    235.00   18741.1854
    236.00   18724.9328
    237.00   18708.6802
    238.00   18692.4277
    239.00   18676.1751
    240.00   18659.9225
    241.00   18643.6699
    242.00   18627.4173
    243.00   18611.1647
    244.00   18594.9121
    245.00   18578.6595
    246.00   18562.4069
    247.00   18546.1543
    248.00   18529.9017
    249.00   18513.6491
    250.00   18497.3965
    251.00   18481.1439
    252.00   18464.8913
    253.00   18448.6388
    254.00   18432.3862
    255.00   18416.1336
    256.00   18399.8810
    257.00   18383.6284
    258.00   18367.3758
    259.00   18351.1232
    260.00   18334.8706
    261.00   18318.6180
    262.00   18302.3654
    263.00   18286.1128
    264.00   18269.8602
    265.00   18253.6076
    266.00   18237.3550
    267.00   18221.1024
    268.00   18204.8499
    269.00   18188.5973
    270.00   18172.3447
    271.00   18156.0921
    272.00   18139.8395
    273.00   18123.5869
    274.00   18107.3343
    275.00   18091.0817
    276.00   18074.8291
    277.00   18058.5765
    278.00   18042.3239
    279.00   18026.0713
    280.00   18009.8187
    281.00   17993.5661
    282.00   17977.3135
    283.00   17961.0610
    284.00   17944.8084
    285.00   17928.5558
    286.00   17912.3032
    287.00   17896.0506
    288.00   17879.7980
    289.00   17863.5454
    290.00   17847.2928
    291.00   17831.0402
    292.00   17814.7876
    293.00   17798.5350
    294.00   17782.2824
    295.00   17766.0298
    296.00   17749.7772
    297.00   17733.5246
    298.00   17717.2720
    299.00   17701.0195
    300.00   17684.7669
    301.00   17668.5143
    302.00   17652.2617
    303.00   17636.0091
    304.00   17619.7565
    305.00   17603.5039
    306.00   17587.2513
    307.00   17570.9987
    308.00   17554.7461
    309.00   17538.4935
    310.00   17522.2409
    311.00   17505.9883
    312.00   17489.7357
    313.00   17473.4831
    314.00   17457.2306
    315.00   17440.9780
    316.00   17424.7254
    317.00   17408.4728
    318.00   17392.2202
    319.00   17375.9676
    320.00   17359.7150
    321.00   17343.4624
    322.00   17327.2098
    323.00   17310.9572
    324.00   17294.7046
    325.00   17278.4520
    326.00   17262.1994
    327.00   17245.9468
    328.00   17229.6942
    329.00   17213.4417
    330.00   17197.1891
    331.00   17180.9365
    332.00   17164.6839
    333.00   17148.4313
    334.00   17132.1787
    335.00   17115.9261
    336.00   17099.6735
    337.00   17083.4209
    338.00   17067.1683
    339.00   17050.9157
    340.00   17034.6631
    341.00   17018.4105
    342.00   17002.1579
    343.00   16985.9053
    344.00   16969.6528
    345.00   16953.4002
    346.00   16937.1476
    347.00   16920.8950
    348.00   16904.6424
    349.00   16888.3898
    350.00   16872.1372
    351.00   16855.8846
    352.00   16839.6320
    353.00   16823.3794
    354.00   16807.1268
    355.00   16790.8742
    356.00   16774.6216
    357.00   16758.3690
    358.00   16742.1164
    359.00   16725.8639
    360.00   16709.6113
    361.00   16693.3587
    362.00   16677.1061
    363.00   16660.8535
    364.00   16644.6009
    365.00   16628.3483
    366.00   16612.0957
    367.00   16595.8431
    368.00   16579.5905
    369.00   16563.3379
    370.00   16547.0853
    371.00   16530.8327
    372.00   16514.5801
    373.00   16498.3275
    374.00   16482.0750
    375.00   16465.8224
    376.00   16449.5698
    377.00   16433.3172
    378.00   16417.0646
    379.00   16400.8120
    380.00   16384.5594
    381.00   16368.3068
    382.00   16352.0542
    383.00   16335.8016
    384.00   16319.5490
    385.00   16303.2964
    386.00   16287.0438
    387.00   16270.7912
    388.00   16254.5386
    389.00   16238.2860
    390.00   16222.0335
    391.00   16205.7809
    392.00   16189.5283
    393.00   16173.2757
    394.00   16157.0231
    395.00   16140.7705
    396.00   16124.5179
    397.00   16108.2653
    398.00   16092.0127
    399.00   16075.7601
    400.00   16059.5075
    401.00   16043.2549
    402.00   16027.0023
    403.00   16010.7497
    404.00   15994.4971
    405.00   15978.2446
    406.00   15961.9920
    407.00   15945.7394
    408.00   15929.4868
    409.00   15913.2342
    410.00   15896.9816
    411.00   15880.7290
    412.00   15864.4764
    413.00   15848.2238
    414.00   15831.9712
    415.00   15815.7186
    416.00   15799.4660
    417.00   15783.2134
    418.00   15766.9608
    419.00   15750.7082
    420.00   15734.4557
    421.00   15718.2031
    422.00   15701.9505
    423.00   15685.6979
    424.00   15669.4453
    425.00   15653.1927
    426.00   15636.9401
    427.00   15620.6875
    428.00   15604.4349
    429.00   15588.1823
    430.00   15571.9297
    431.00   15555.6771
    432.00   15539.4245
    433.00   15523.1719
    434.00   15506.9193
    435.00   15490.6668
    436.00   15474.4142
    437.00   15458.1616
    438.00   15441.9090
    439.00   15425.6564
    440.00   15409.4038
    441.00   15393.1512
    442.00   15376.8986
    443.00   15360.6460
    444.00   15344.3934
    445.00   15328.1408
    446.00   15311.8882
    447.00   15295.6356
    448.00   15279.3830
    449.00   15263.1304
    450.00   15246.8779
    451.00   15230.6253
    452.00   15214.3727
    453.00   15198.1201
    454.00   15181.8675
    455.00   15165.6149
    456.00   15149.3623
    457.00   15133.1097
    458.00   15116.8571
    459.00   15100.6045
    460.00   15084.3519
    461.00   15068.0993
    462.00   15051.8467
    463.00   15035.5941
    464.00   15019.3415
    465.00   15003.0889
    466.00   14986.8364
    467.00   14970.5838
    468.00   14954.3312
    469.00   14938.0786
    470.00   14921.8260
    471.00   14905.5734
    472.00   14889.3208
    473.00   14873.0682
    474.00   14856.8156
    475.00   14840.5630
    476.00   14824.3104
    477.00   14808.0578
    478.00   14791.8052
    479.00   14775.5526
    480.00   14759.3000
    481.00   14743.0475
    482.00   14726.7949
    483.00   14710.5423
    484.00   14694.2897
    485.00   14678.0371
    486.00   14661.7845
    487.00   14645.5319
    488.00   14629.2793
    489.00   14613.0267
    490.00   14596.7741
    491.00   14580.5215
    492.00   14564.2689
    493.00   14548.0163
    494.00   14531.7637
    495.00   14515.5111
    496.00   14499.2586
    497.00   14483.0060
    498.00   14466.7534
    499.00   14450.5008
    500.00   14434.2482
    501.00   14417.9956
    502.00   14401.7430
    503.00   14385.4904
    504.00   14369.2378
    505.00   14352.9852
    506.00   14336.7326
    507.00   14320.4800
    508.00   14304.2274
    509.00   14287.9748
    510.00   14271.7222
    511.00   14255.4697
    512.00   14239.2171
    513.00   14222.9645
    514.00   14206.7119
    515.00   14190.4593
    516.00   14174.2067
    517.00   14157.9541
    518.00   14141.7015
    519.00   14125.4489
    520.00   14109.1963
    521.00   14092.9437
    522.00   14076.6911
    523.00   14060.4385
    524.00   14044.1859
    525.00   14027.9333
    526.00   14011.6808
    527.00   13995.4282
    528.00   13979.1756
    529.00   13962.9230
    530.00   13946.6704
    531.00   13930.4178
    532.00   13914.1652
    533.00   13897.9126
    534.00   13881.6600
    535.00   13865.4074
    536.00   13849.1548
    537.00   13832.9022
    538.00   13816.6496
    539.00   13800.3970
    540.00   13784.1444
    541.00   13767.8919
    542.00   13751.6393
    543.00   13735.3867
    544.00   13719.1341
    545.00   13702.8815
    546.00   13686.6289
    547.00   13670.3763
    548.00   13654.1237
    549.00   13637.8711
    550.00   13621.6185
    551.00   13605.3659
    552.00   13589.1133
    553.00   13572.8607
    554.00   13556.6081
    555.00   13540.3555
    556.00   13524.1029
    557.00   13507.8504
    558.00   13491.5978
    559.00   13475.3452
    560.00   13459.0926
    561.00   13442.8400
    562.00   13426.5874
    563.00   13410.3348
    564.00   13394.0822
    565.00   13377.8296
    566.00   13361.5770
    567.00   13345.3244
    568.00   13329.0718
    569.00   13312.8192
    570.00   13296.5666
    571.00   13280.3140
    572.00   13264.0615
    573.00   13247.8089
    574.00   13231.5563
    575.00   13215.3037
    576.00   13199.0511
    577.00   13182.7985
    578.00   13166.5459
    579.00   13150.2933
    580.00   13134.0407
    581.00   13117.7881
    582.00   13101.5355
    583.00   13085.2829
    584.00   13069.0303
    585.00   13052.7777
    586.00   13036.5251
    587.00   13020.2726
    588.00   13004.0200
    589.00   12987.7674
    590.00   12971.5148
    591.00   12955.2622
    592.00   12939.0096
    593.00   12922.7570
    594.00   12906.5044
    595.00   12890.2518
    596.00   12873.9992
    597.00   12857.7466
    598.00   12841.4940
    599.00   12825.2414
    600.00   12808.9888
    601.00   12792.7362
    602.00   12776.4837
    603.00   12760.2311
    604.00   12743.9785
    605.00   12727.7259
    606.00   12711.4733
    607.00   12695.2207
    608.00   12678.9681
    609.00   12662.7155
    610.00   12646.4629
    611.00   12630.2103
    612.00   12613.9577
    613.00   12597.7051
    614.00   12581.4525
    615.00   12565.1999
    616.00   12548.9473
    617.00   12532.6948
    618.00   12516.4422
    619.00   12500.1896
    620.00   12483.9370
    621.00   12467.6844
    622.00   12451.4318
    623.00   12435.1792
    624.00   12418.9266
    625.00   12402.6740
    626.00   12386.4214
    627.00   12370.1688
    628.00   12353.9162
    629.00   12337.6636
    630.00   12321.4110
    631.00   12305.1584
    632.00   12288.9058
    633.00   12272.6533
    634.00   12256.4007
    635.00   12240.1481
    636.00   12223.8955
    637.00   12207.6429
    638.00   12191.3903
    639.00   12175.1377
    640.00   12158.8851
    641.00   12142.6325
    642.00   12126.3799
    643.00   12110.1273
    644.00   12093.8747
    645.00   12077.6221
    646.00   12061.3695
    647.00   12045.1169
    648.00   12028.8644
    649.00   12012.6118
    650.00   11996.3592
    651.00   11980.1066
    652.00   11963.8540
    653.00   11947.6014
    654.00   11931.3488
    655.00   11915.0962
    656.00   11898.8436
    657.00   11882.5910
    658.00   11866.3384
    659.00   11850.0858
    660.00   11833.8332
    661.00   11817.5806
    662.00   11801.3280
    663.00   11785.0755
    664.00   11768.8229
    665.00   11752.5703
    666.00   11736.3177
    667.00   11720.0651
    668.00   11703.8125
    669.00   11687.5599
    670.00   11671.3073
    671.00   11655.0547
    672.00   11638.8021
    673.00   11622.5495
    674.00   11606.2969
    675.00   11590.0443
    676.00   11573.7917
    677.00   11557.5391
    678.00   11541.2866
    679.00   11525.0340
    680.00   11508.7814
    681.00   11492.5288
    682.00   11476.2762
    683.00   11460.0236
    684.00   11443.7710
    685.00   11427.5184
    686.00   11411.2658
    687.00   11395.0132
    688.00   11378.7606
    689.00   11362.5080
    690.00   11346.2554
    691.00   11330.0028
    692.00   11313.7502
    693.00   11297.4977
    694.00   11281.2451
    695.00   11264.9925
    696.00   11248.7399
    697.00   11232.4873
    698.00   11216.2347
    699.00   11199.9821
    700.00   11183.7295
    701.00   11167.4769
    702.00   11151.2243
    703.00   11134.9717
    704.00   11118.7191
    705.00   11102.4665
    706.00   11086.2139
    707.00   11069.9613
    708.00   11053.7088
    709.00   11037.4562
    710.00   11021.2036
    711.00   11004.9510
    712.00   10988.6984
    713.00   10972.4458
    714.00   10956.1932
    715.00   10939.9406
    716.00   10923.6880
    717.00   10907.4354
    718.00   10891.1828
    719.00   10874.9302
    720.00   10858.6776
    721.00   10842.4250
    722.00   10826.1724
    723.00   10809.9198
    724.00   10793.6673
    725.00   10777.4147
    726.00   10761.1621
    727.00   10744.9095
    728.00   10728.6569
    729.00   10712.4043
    730.00   10696.1517
    731.00   10679.8991
    732.00   10663.6465
    733.00   10647.3939
    734.00   10631.1413
    735.00   10614.8887
    736.00   10598.6361
    737.00   10582.3835
    738.00   10566.1309
    739.00   10549.8784
    740.00   10533.6258
    741.00   10517.3732
    742.00   10501.1206
    743.00   10484.8680
    744.00   10468.6154
    745.00   10452.3628
    746.00   10436.1102
    747.00   10419.8576
    748.00   10403.6050
    749.00   10387.3524
    750.00   10371.0998
    751.00   10354.8472
    752.00   10338.5946
    753.00   10322.3420
    754.00   10306.0895
    755.00   10289.8369
    756.00   10273.5843
    757.00   10257.3317
    758.00   10241.0791
    759.00   10224.8265
    760.00   10208.5739
    761.00   10192.3213
    762.00   10176.0687
    763.00   10159.8161
    764.00   10143.5635
    765.00   10127.3109
    766.00   10111.0583
    767.00   10094.8057
    768.00   10078.5531
    769.00   10062.3006
    770.00   10046.0480
    771.00   10029.7954
    772.00   10013.5428
    773.00    9997.2902
    774.00    9981.0376
    775.00    9964.7850
    776.00    9948.5324
    777.00    9932.2798
    778.00    9916.0272
    779.00    9899.7746
    780.00    9883.5220
    781.00    9867.2694
    782.00    9851.0168
    783.00    9834.7642
    784.00    9818.5117
    785.00    9802.2591
    786.00    9786.0065
    787.00    9769.7539
    788.00    9753.5013
    789.00    9737.2487
    790.00    9720.9961
    791.00    9704.7435
    792.00    9688.4909
    793.00    9672.2383
    794.00    9655.9857
    795.00    9639.7331
    796.00    9623.4805
    797.00    9607.2279
    798.00    9590.9753
    799.00    9574.7228
    800.00    9558.4702
    801.00    9542.2176
    802.00    9525.9650
    803.00    9509.7124
    804.00    9493.4598
    805.00    9477.2072
    806.00    9460.9546
    807.00    9444.7020
    808.00    9428.4494
    809.00    9412.1968
    810.00    9395.9442
    811.00    9379.6916
    812.00    9363.4390
    813.00    9347.1864
    814.00    9330.9338
    815.00    9314.6813
    816.00    9298.4287
    817.00    9282.1761
    818.00    9265.9235
    819.00    9249.6709
    820.00    9233.4183
    821.00    9217.1657
    822.00    9200.9131
    823.00    9184.6605
    824.00    9168.4079
    825.00    9152.1553
    826.00    9135.9027
    827.00    9119.6501
    828.00    9103.3975
    829.00    9087.1449
    830.00    9070.8924
    831.00    9054.6398
    832.00    9038.3872
    833.00    9022.1346
    834.00    9005.8820
    835.00    8989.6294
    836.00    8973.3768
    837.00    8957.1242
    838.00    8940.8716
    839.00    8924.6190
    840.00    8908.3664
    841.00    8892.1138
    842.00    8875.8612
    843.00    8859.6086
    844.00    8843.3560
    845.00    8827.1035
    846.00    8810.8509
    847.00    8794.5983
    848.00    8778.3457
    849.00    8762.0931
    850.00    8745.8405
    851.00    8729.5879
    852.00    8713.3353
    853.00    8697.0827
    854.00    8680.8301
    855.00    8664.5775
    856.00    8648.3249
    857.00    8632.0723
    858.00    8615.8197
    859.00    8599.5671
    860.00    8583.3146
    861.00    8567.0620
    862.00    8550.8094
    863.00    8534.5568
    864.00    8518.3042
    865.00    8502.0516
    866.00    8485.7990
    867.00    8469.5464
    868.00    8453.2938
    869.00    8437.0412
    870.00    8420.7886
    871.00    8404.5360
    872.00    8388.2834
    873.00    8372.0308
    874.00    8355.7782
    875.00    8339.5257
    876.00    8323.2731
    877.00    8307.0205
    878.00    8290.7679
    879.00    8274.5153
    880.00    8258.2627
    881.00    8242.0101
    882.00    8225.7575
    883.00    8209.5049
    884.00    8193.2523
    885.00    8176.9997
    886.00    8160.7471
    887.00    8144.4945
    888.00    8128.2419
    889.00    8111.9893
    890.00    8095.7367
    891.00    8079.4842
    892.00    8063.2316
    893.00    8046.9790
    894.00    8030.7264
    895.00    8014.4738
    896.00    7998.2212
    897.00    7981.9686
    898.00    7965.7160
    899.00    7949.4634
    900.00    7933.2108
    901.00    7916.9582
    902.00    7900.7056
    903.00    7884.4530
    904.00    7868.2004
    905.00    7851.9478
    906.00    7835.6953
    907.00    7819.4427
    908.00    7803.1901
    909.00    7786.9375
    910.00    7770.6849
    911.00    7754.4323
    912.00    7738.1797
    913.00    7721.9271
    914.00    7705.6745
    915.00    7689.4219
    916.00    7673.1693
    917.00    7656.9167
    918.00    7640.6641
    919.00    7624.4115
    920.00    7608.1589
    921.00    7591.9064
    922.00    7575.6538
    923.00    7559.4012
    924.00    7543.1486
    925.00    7526.8960
    926.00    7510.6434
    927.00    7494.3908
    928.00    7478.1382
    929.00    7461.8856
    930.00    7445.6330
    931.00    7429.3804
    932.00    7413.1278
    933.00    7396.8752
    934.00    7380.6226
    935.00    7364.3700
    936.00    7348.1175
    937.00    7331.8649
    938.00    7315.6123
    939.00    7299.3597
    940.00    7283.1071
    941.00    7266.8545
    942.00    7250.6019
    943.00    7234.3493
    944.00    7218.0967
    945.00    7201.8441
    946.00    7185.5915
    947.00    7169.3389
    948.00    7153.0863
    949.00    7136.8337
    950.00    7120.5811
    951.00    7104.3286
    952.00    7088.0760
    953.00    7071.8234
    954.00    7055.5708
    955.00    7039.3182
    956.00    7023.0656
    957.00    7006.8130
    958.00    6990.5604
    959.00    6974.3078
    960.00    6958.0552
    961.00    6941.8026
    962.00    6925.5500
    963.00    6909.2974
    964.00    6893.0448
    965.00    6876.7922
    966.00    6860.5397
    967.00    6844.2871
    968.00    6828.0345
    969.00    6811.7819
    970.00    6795.5293
    971.00    6779.2767
    972.00    6763.0241
    973.00    6746.7715
    974.00    6730.5189
    975.00    6714.2663
    976.00    6698.0137
    977.00    6681.7611
    978.00    6665.5085
    979.00    6649.2559
    980.00    6633.0033
    981.00    6616.7507
    982.00    6600.4982
    983.00    6584.2456
    984.00    6567.9930
    985.00    6551.7404
    986.00    6535.4878
    987.00    6519.2352
    988.00    6502.9826
    989.00    6486.7300
    990.00    6470.4774
    991.00    6454.2248
    992.00    6437.9722
    993.00    6421.7196
    994.00    6405.4670
    995.00    6389.2144
    996.00    6372.9618
    997.00    6356.7093
    998.00    6340.4567
    999.00    6324.2041
   1000.00    6307.9515
   1001.00    6291.6989
   1002.00    6275.4463
   1003.00    6259.1937
   1004.00    6242.9411
   1005.00    6226.6885
   1006.00    6210.4359
   1007.00    6194.1833
   1008.00    6177.9307
   1009.00    6161.6781
   1010.00    6145.4255
   1011.00    6129.1729
   1012.00    6112.9204
   1013.00    6096.6678
   1014.00    6080.4152
   1015.00    6064.1626
   1016.00    6047.9100
   1017.00    6031.6574
   1018.00    6015.4048
   1019.00    5999.1522
   1020.00    5982.8996
   1021.00    5966.6470
   1022.00    5950.3944
   1023.00    5934.1418
   1024.00    5917.8892
   1025.00    5901.6366
   1026.00    5885.3840
   1027.00    5869.1315
   1028.00    5852.8789
   1029.00    5836.6263
   1030.00    5820.3737
   1031.00    5804.1211
   1032.00    5787.8685
   1033.00    5771.6159
   1034.00    5755.3633
   1035.00    5739.1107
   1036.00    5722.8581
   1037.00    5706.6055
   1038.00    5690.3529
   1039.00    5674.1003
   1040.00    5657.8477
   1041.00    5641.5951
   1042.00    5625.3426
   1043.00    5609.0900
   1044.00    5592.8374
   1045.00    5576.5848
   1046.00    5560.3322
   1047.00    5544.0796
   1048.00    5527.8270
   1049.00    5511.5744
   1050.00    5495.3218
   1051.00    5479.0692
   1052.00    5462.8166
   1053.00    5446.5640
   1054.00    5430.3114
   1055.00    5414.0588
   1056.00    5397.8062
   1057.00    5381.5536
   1058.00    5365.3011
   1059.00    5349.0485
   1060.00    5332.7959
   1061.00    5316.5433
   1062.00    5300.2907
   1063.00    5284.0381
   1064.00    5267.7855
   1065.00    5251.5329
   1066.00    5235.2803
   1067.00    5219.0277
   1068.00    5202.7751
   1069.00    5186.5225
   1070.00    5170.2699
   1071.00    5154.0173
   1072.00    5137.7647
   1073.00    5121.5122
   1074.00    5105.2596
   1075.00    5089.0070
   1076.00    5072.7544
   1077.00    5056.5018
   1078.00    5040.2492
   1079.00    5023.9966
   1080.00    5007.7440
   1081.00    4991.4914
   1082.00    4975.2388
   1083.00    4958.9862
   1084.00    4942.7336
   1085.00    4926.4810
   1086.00    4910.2284
   1087.00    4893.9758
   1088.00    4877.7233
   1089.00    4861.4707
   1090.00    4845.2181
   1091.00    4828.9655
   1092.00    4812.7129
   1093.00    4796.4603
   1094.00    4780.2077
   1095.00    4763.9551
   1096.00    4747.7025
   1097.00    4731.4499
   1098.00    4715.1973
   1099.00    4698.9447
   1100.00    4682.6921
   1101.00    4666.4395
   1102.00    4650.1869
   1103.00    4633.9344
   1104.00    4617.6818
   1105.00    4601.4292
   1106.00    4585.1766
   1107.00    4568.9240
   1108.00    4552.6714
   1109.00    4536.4188
   1110.00    4520.1662
   1111.00    4503.9136
   1112.00    4487.6610
   1113.00    4471.4084
   1114.00    4455.1558
   1115.00    4438.9032
   1116.00    4422.6506
   1117.00    4406.3980
   1118.00    4390.1455
   1119.00    4373.8929
   1120.00    4357.6403
   1121.00    4341.3877
   1122.00    4325.1351
   1123.00    4308.8825
   1124.00    4292.6299
   1125.00    4276.3773
   1126.00    4260.1247
   1127.00    4243.8721
   1128.00    4227.6195
   1129.00    4211.3669
   1130.00    4195.1143
   1131.00    4178.8617
   1132.00    4162.6091
   1133.00    4146.3566
   1134.00    4130.1040
   1135.00    4113.8514
   1136.00    4097.5988
   1137.00    4081.3462
   1138.00    4065.0936
   1139.00    4048.8410
   1140.00    4032.5884
   1141.00    4016.3358
   1142.00    4000.0832
   1143.00    3983.8306
   1144.00    3967.5780
   1145.00    3951.3254
   1146.00    3935.0728
   1147.00    3918.8202
   1148.00    3902.5676
   1149.00    3886.3151
   1150.00    3870.0625
   1151.00    3853.8099
   1152.00    3837.5573
   1153.00    3821.3047
   1154.00    3805.0521
   1155.00    3788.7995
   1156.00    3772.5469
   1157.00    3756.2943
   1158.00    3740.0417
   1159.00    3723.7891
   1160.00    3707.5365
   1161.00    3691.2839
   1162.00    3675.0313
   1163.00    3658.7787
   1164.00    3642.5262
   1165.00    3626.2736
   1166.00    3610.0210
   1167.00    3593.7684
   1168.00    3577.5158
   1169.00    3561.2632
   1170.00    3545.0106
   1171.00    3528.7580
   1172.00    3512.5054
   1173.00    3496.2528
   1174.00    3480.0002
   1175.00    3463.7476
   1176.00    3447.4950
   1177.00    3431.2424
   1178.00    3414.9898
   1179.00    3398.7373
   1180.00    3382.4847
   1181.00    3366.2321
   1182.00    3349.9795
   1183.00    3333.7269
   1184.00    3317.4743
   1185.00    3301.2217
   1186.00    3284.9691
   1187.00    3268.7165
   1188.00    3252.4639
   1189.00    3236.2113
   1190.00    3219.9587
   1191.00    3203.7061
   1192.00    3187.4535
   1193.00    3171.2009
   1194.00    3154.9484
   1195.00    3138.6958
   1196.00    3122.4432
   1197.00    3106.1906
   1198.00    3089.9380
   1199.00    3073.6854
   1200.00    3057.4328
   1201.00    3041.1802
   1202.00    3024.9276
   1203.00    3008.6750
   1204.00    2992.4224
   1205.00    2976.1698
   1206.00    2959.9172
   1207.00    2943.6646
   1208.00    2927.4120
   1209.00    2911.1595
   1210.00    2894.9069
   1211.00    2878.6543
   1212.00    2862.4017
   1213.00    2846.1491
   1214.00    2829.8965
   1215.00    2813.6439
   1216.00    2797.3913
   1217.00    2781.1387
   1218.00    2764.8861
   1219.00    2748.6335
   1220.00    2732.3809
   1221.00    2716.1283
   1222.00    2699.8757
   1223.00    2683.6231
   1224.00    2667.3706
   1225.00    2651.1180
   1226.00    2634.8654
   1227.00    2618.6128
   1228.00    2602.3602
   1229.00    2586.1076
   1230.00    2569.8550
   1231.00    2553.6024
   1232.00    2537.3498
   1233.00    2521.0972
   1234.00    2504.8446
   1235.00    2488.5920
   1236.00    2472.3394
   1237.00    2456.0868
   1238.00    2439.8342
   1239.00    2423.5816
   1240.00    2407.3291
   1241.00    2391.0765
   1242.00    2374.8239
   1243.00    2358.5713
   1244.00    2342.3187
   1245.00    2326.0661
   1246.00    2309.8135
   1247.00    2293.5609
   1248.00    2277.3083
   1249.00    2261.0557
   1250.00    2244.8031
   1251.00    2228.5505
   1252.00    2212.2979
   1253.00    2196.0453
   1254.00    2179.7927
   1255.00    2163.5402
   1256.00    2147.2876
   1257.00    2131.0350
   1258.00    2114.7824
   1259.00    2098.5298
   1260.00    2082.2772
   1261.00    2066.0246
   1262.00    2049.7720
   1263.00    2033.5194
   1264.00    2017.2668
   1265.00    2001.0142
   1266.00    1984.7616
   1267.00    1968.5090
   1268.00    1952.2564
   1269.00    1936.0038
   1270.00    1919.7513
   1271.00    1903.4987
   1272.00    1887.2461
   1273.00    1870.9935
   1274.00    1854.7409
   1275.00    1838.4883
   1276.00    1822.2357
   1277.00    1805.9831
   1278.00    1789.7305
   1279.00    1773.4779
   1280.00    1757.2253
   1281.00    1740.9727
   1282.00    1724.7201
   1283.00    1708.4675
   1284.00    1692.2149
   1285.00    1675.9624
   1286.00    1659.7098
   1287.00    1643.4572
   1288.00    1627.2046
   1289.00    1610.9520
   1290.00    1594.6994
   1291.00    1578.4468
   1292.00    1562.1942
   1293.00    1545.9416
   1294.00    1529.6890
   1295.00    1513.4364
   1296.00    1497.1838
   1297.00    1480.9312
   1298.00    1464.6786
   1299.00    1448.4260
   1300.00    1432.1735
   1301.00    1415.9209
   1302.00    1399.6683
   1303.00    1383.4157
   1304.00    1367.1631
   1305.00    1350.9105
   1306.00    1334.6579
   1307.00    1318.4053
   1308.00    1302.1527
   1309.00    1285.9001
   1310.00    1269.6475
   1311.00    1253.3949
   1312.00    1237.1423
   1313.00    1220.8897
   1314.00    1204.6371
   1315.00    1188.3845
   1316.00    1172.1320
   1317.00    1155.8794
   1318.00    1139.6268
   1319.00    1123.3742
   1320.00    1107.1216
   1321.00    1090.8690
   1322.00    1074.6164
   1323.00    1058.3638
   1324.00    1042.1112
   1325.00    1025.8586
   1326.00    1009.6060
   1327.00     993.3534
   1328.00     977.1008
   1329.00     960.8482
   1330.00     944.5956
   1331.00     928.3431
   1332.00     912.0905
   1333.00     895.8379
   1334.00     879.5853
   1335.00     863.3327
   1336.00     847.0801
   1337.00     830.8275
   1338.00     814.5749
   1339.00     798.3223
   1340.00     782.0697
   1341.00     765.8171
   1342.00     749.5645
   1343.00     733.3119
   1344.00     717.0593
   1345.00     700.8067
   1346.00     684.5542
   1347.00     668.3016
   1348.00     652.0490
   1349.00     635.7964
   1350.00     619.5438
   1351.00     603.2912
   1352.00     587.0386
   1353.00     570.7860
   1354.00     554.5334
   1355.00     538.2808
   1356.00     522.0282
   1357.00     505.7756
   1358.00     489.5230
   1359.00     473.2704
   1360.00     457.0178
   1361.00     440.7653
   1362.00     424.5127
   1363.00     408.2601
   1364.00     392.0075
   1365.00     375.7549
   1366.00     359.5023
   1367.00     343.2497
   1368.00     326.9971
   1369.00     310.7445
   1370.00     294.4919
   1371.00     278.2393
   1372.00     261.9867
   1373.00     245.7341
   1374.00     229.4815
   1375.00     213.2289
   1376.00     196.9764
   1377.00     180.7238
   1378.00     164.4712
   1379.00     148.2186
   1380.00     131.9660
   1381.00     115.7134
   1382.00      99.4608
   1383.00      83.2082
   1384.00      66.9556
   1385.00      50.7030
   1386.00      34.4504
   1387.00      18.1978
   1388.00       1.9452
   1388.12       0.0000
